0.000000,20.000000,20.000000
0.000001,20.000000,20.154765
0.000003,20.000000,20.840097
0.000007,20.000000,21.888688
0.000007,20.000000,21.942879
0.000011,20.000000,23.410646
0.000012,20.000000,23.632638
0.000016,20.000000,24.952051
0.000019,20.000000,25.649251
0.000023,20.000000,27.044724
0.000028,20.000000,28.254804
0.000032,20.000000,29.659813
0.000034,20.000000,30.251074
0.000038,20.000000,31.225165
0.000041,20.000000,31.829623
0.000045,20.000000,32.800428
0.000050,20.000000,33.763079
0.000051,20.000000,33.450653
0.000059,20.000000,34.896678
0.000066,20.000000,36.139769
0.000073,20.000000,38.050587
0.000079,20.000000,40.483497
0.000086,20.000000,42.949348
0.000092,20.000000,45.339643
0.000098,20.000000,41.868171
0.000104,20.000000,43.105465
0.000110,20.000000,43.965022
0.000115,20.000000,45.128129
0.000120,20.000000,46.559907
0.000125,20.000000,45.752172
0.000129,20.000000,46.415943
0.000134,20.000000,47.145407
0.000139,20.000000,47.948517
0.000145,20.000000,49.036729
0.000150,20.000000,50.225810
0.000156,20.000000,51.370304
0.000160,20.000000,50.451296
0.000164,20.000000,51.303623
0.000168,20.000000,51.685689
0.000172,20.000000,52.086281
0.000177,20.000000,52.557476
0.000182,20.000000,53.041998
0.000186,20.000000,53.470399
0.000191,20.000000,53.778057
0.000195,20.000000,54.159035
0.000200,20.000000,53.350761
0.000205,20.000000,54.265244
0.000210,20.000000,54.817924
0.000215,20.000000,55.336580
0.000220,20.000000,55.812571
0.000225,20.000000,56.231706
0.000231,20.000000,56.705694
0.000236,20.000000,57.188274
0.000240,20.000000,57.641256
0.000245,20.000000,58.038860
0.000251,20.000000,57.431540
0.000257,20.000000,58.723698
0.000262,20.000000,59.417628
0.000267,20.000000,59.959889
0.000272,20.000000,60.505396
0.000278,20.000000,61.047758
0.000283,20.000000,61.563096
0.000288,20.000000,62.059228
0.000294,20.000000,62.529395
0.000300,20.000000,63.104138
0.000306,20.000000,62.552866
0.000312,20.000000,63.773446
0.000317,20.000000,64.358503
0.000323,20.000000,64.798427
0.000328,20.000000,65.286270
0.000333,20.000000,65.809854
0.000339,20.000000,66.340675
0.000345,20.000000,66.887730
0.000352,20.000000,67.522631
0.000359,20.000000,68.297539
0.000365,20.000000,67.473547
0.000371,20.000000,68.610322
0.000377,20.000000,69.168026
0.000383,20.000000,69.812018
0.000389,20.000000,70.404014
0.000396,20.000000,70.894772
0.000402,20.000000,71.334800
0.000409,20.000000,71.806569
0.000416,20.000000,72.341650
0.000423,20.000000,72.684341
0.000428,20.000000,71.540152
0.000434,20.000000,72.523813
0.000439,20.000000,73.132343
0.000445,20.000000,73.909396
0.000451,20.000000,74.659539
0.000457,20.000000,75.350979
0.000464,20.000000,76.028217
0.000471,20.000000,76.637132
0.000479,20.000000,77.132499
0.000485,20.000000,75.876034
0.000491,20.000000,76.952825
0.000498,20.000000,77.017778
0.000504,20.000000,77.619558
0.000505,20.000000,77.694063
0.000512,20.000000,78.127772
0.000518,20.000000,78.633983
0.000518,20.000000,78.633983
0.000519,20.000000,77.955902
0.000522,20.000000,77.555268
0.000527,20.000000,77.576673
0.000531,20.000000,77.787892
0.000532,20.000000,77.892561
0.000537,20.000000,78.246839
0.000542,20.000000,78.610356
0.000548,20.000000,78.961172
0.000553,20.000000,79.251395
0.000558,20.000000,79.552258
0.000564,20.000000,79.866332
0.000569,20.000000,78.880000
0.000573,20.000000,79.496420
0.000577,20.000000,79.735655
0.000580,20.000000,79.897801
0.000582,20.000000,80.039297
0.000585,20.000000,80.159749
0.000587,20.000000,80.268689
0.000589,20.000000,80.368702
0.000592,20.000000,80.476495
0.000594,20.000000,80.587481
0.000596,20.000000,80.700381
0.000599,20.000000,80.812497
0.000602,20.000000,80.005405
0.000605,20.000000,80.537884
0.000609,20.000000,80.865322
0.000612,20.000000,81.158625
0.000615,20.000000,81.396770
0.000618,20.000000,81.632081
0.000621,20.000000,81.918479
0.000625,20.000000,82.190141
0.000627,20.000000,82.399845
0.000627,20.000000,82.399845
0.000630,20.000000,81.935863
0.000632,20.000000,82.528485
0.000634,20.000000,82.949525
0.000636,20.000000,83.305674
0.000638,20.000000,83.616450
0.000640,20.000000,83.892148
0.000642,20.000000,84.139544
0.000644,20.000000,84.371657
0.000646,20.000000,84.592004
0.000648,20.000000,84.792839
0.000648,20.000000,84.792839
0.000650,20.000000,84.981579
0.000655,20.000000,83.618622
0.000659,20.000000,84.257438
0.000662,20.000000,84.632154
0.000666,20.000000,85.269820
0.000670,20.000000,85.529448
0.000673,20.000000,85.786712
0.000677,20.000000,85.944829
0.000677,20.000000,85.898350
0.000683,20.000000,86.064543
0.000688,20.000000,86.667979
0.000688,20.000000,86.667979
0.000694,20.000000,87.696671
0.000699,20.000000,89.457792
0.000699,20.000000,89.457792
0.000703,20.000000,90.186320
0.000708,20.000000,91.684614
0.000713,20.000000,93.090577
0.000717,20.000000,93.032256
0.000721,20.000000,92.828070
0.000722,20.000000,92.731507
0.000725,20.000000,93.476994
0.000730,20.000000,93.939495
0.000734,20.000000,92.966652
0.000738,20.000000,93.362202
0.000742,20.000000,94.318372
0.000746,20.000000,94.948705
0.000747,20.000000,94.127907
0.000754,20.000000,94.826065
0.000761,20.000000,95.740861
0.000767,20.000000,96.662596
0.000772,20.000000,97.824569
0.000777,20.000000,98.969192
0.000782,20.000000,100.119500
0.000787,20.000000,97.602367
0.000794,20.000000,98.528284
0.000801,20.000000,99.719010
0.000807,20.000000,101.260094
0.000812,20.000000,102.872611
0.000817,20.000000,104.371795
0.000822,20.000000,105.493302
0.000824,20.000000,103.363676
0.000830,20.000000,103.091181
0.000836,20.000000,104.014138
0.000836,20.000000,104.014138
0.000842,20.000000,104.822030
0.000842,20.000000,104.822030
0.000847,20.000000,104.578118
0.000847,20.000000,104.578118
0.000853,20.000000,104.555950
0.000853,20.000000,104.555950
0.000859,20.000000,102.168183
0.000864,20.000000,102.739007
0.000870,20.000000,102.677327
0.000875,20.000000,102.414804
0.000880,20.000000,102.293241
0.000880,20.000000,102.293241
0.000885,20.000000,102.406002
0.000885,20.000000,102.406002
0.000890,20.000000,102.436122
0.000896,20.000000,103.244493
0.000902,20.000000,103.723678
0.000907,20.000000,104.038216
0.000912,20.000000,105.050207
0.000917,20.000000,103.415385
0.000922,20.000000,104.504272
0.000927,20.000000,105.770447
0.000932,20.000000,104.896913
0.000938,20.000000,105.049010
0.000944,20.000000,104.091692
0.000950,20.000000,104.734931
0.000950,20.000000,104.734931
0.000956,20.000000,104.938217
0.000962,20.000000,105.270169
0.000968,20.000000,105.603179
0.000973,20.000000,105.798234
0.000979,20.000000,105.816877
0.000984,20.000000,105.816440
0.000990,20.000000,105.825753
0.000990,20.000000,105.825753
0.000996,20.000000,105.775127
0.001002,20.000000,104.516403
0.001008,20.000000,104.798890
0.001014,20.000000,104.819992
0.001019,20.000000,104.885775
0.001025,20.000000,104.955737
0.001032,20.000000,105.063635
0.001039,20.000000,105.279840
0.001045,20.000000,105.808111
0.001051,20.000000,106.608145
0.001055,20.000000,105.128849
0.001059,20.000000,105.399141
0.001064,20.000000,105.404166
0.001068,20.000000,105.422711
0.001072,20.000000,105.466619
0.001077,20.000000,105.501516
0.001081,20.000000,105.522474
0.001085,20.000000,105.482749
0.001089,20.000000,105.473987
0.001094,20.000000,105.470692
0.001100,20.000000,104.663521
0.001106,20.000000,105.296951
0.001112,20.000000,105.503517
0.001117,20.000000,105.672732
0.001122,20.000000,105.820485
0.001128,20.000000,106.015616
0.001133,20.000000,106.169789
0.001139,20.000000,106.269194
0.001145,20.000000,105.619858
0.001151,20.000000,106.287202
0.001157,20.000000,106.526101
0.001162,20.000000,106.702479
0.001168,20.000000,106.920426
0.001175,20.000000,107.177897
0.001181,20.000000,107.434726
0.001186,20.000000,107.857242
0.001191,20.000000,108.623972
0.001196,20.000000,109.214628
0.001202,20.000000,109.782128
0.001207,20.000000,110.372261
0.001212,20.000000,110.813493
0.001218,20.000000,111.145422
0.001224,20.000000,111.379803
0.001226,20.000000,111.407447
0.001233,20.000000,109.090654
0.001239,20.000000,109.805232
0.001245,20.000000,109.915538
0.001252,20.000000,110.479207
0.001259,20.000000,110.471043
0.001265,20.000000,110.618434
0.001271,20.000000,111.028838
0.001275,20.000000,109.527693
0.001282,20.000000,110.604506
0.001288,20.000000,110.970860
0.001294,20.000000,111.351243
0.001300,20.000000,111.619019
0.001305,20.000000,112.043206
0.001310,20.000000,112.475362
0.001315,20.000000,113.115283
0.001320,20.000000,113.777320
0.001324,20.000000,114.791446
0.001328,20.000000,115.669676
0.001332,20.000000,116.347170
0.001336,20.000000,116.920702
0.001340,20.000000,117.676531
0.001344,20.000000,118.341471
0.001347,20.000000,119.135401
0.001347,20.000000,118.824045
0.001348,20.000000,118.076276
0.001349,20.000000,117.058394
0.001351,20.000000,115.734017
0.001358,20.000000,116.321634
0.001358,20.000000,116.321634
0.001365,20.000000,116.869703
0.001371,20.000000,116.281854
0.001379,20.000000,116.564388
0.001386,20.000000,116.955544
0.001394,20.000000,115.724720
0.001394,20.000000,115.724720
0.001402,20.000000,117.302182
0.001410,20.000000,117.804053
0.001418,20.000000,118.221709
0.001427,20.000000,118.531947
0.001435,20.000000,118.856671
0.001442,20.000000,119.630439
0.001449,20.000000,120.332893
0.001449,20.000000,120.332893
0.001457,20.000000,121.226960
0.001457,20.000000,121.226960
0.001465,20.000000,121.976522
0.001466,20.000000,120.178456
0.001471,20.000000,119.289360
0.001475,20.000000,118.908314
0.001479,20.000000,118.517402
0.001483,20.000000,118.179954
0.001487,20.000000,117.978971
0.001491,20.000000,117.802197
0.001495,20.000000,117.747386
0.001500,20.000000,117.377196
0.001504,20.000000,117.139036
0.001510,20.000000,115.546878
0.001516,20.000000,116.637949
0.001522,20.000000,117.970747
0.001528,20.000000,117.312210
0.001534,20.000000,116.915195
0.001541,20.000000,116.980830
0.001547,20.000000,117.672155
0.001553,20.000000,119.010184
0.001559,20.000000,117.526078
0.001564,20.000000,117.190545
0.001570,20.000000,117.555446
0.001576,20.000000,116.648911
0.001582,20.000000,117.242709
0.001587,20.000000,117.576937
0.001593,20.000000,117.746518
0.001598,20.000000,117.952355
0.001604,20.000000,118.214522
0.001607,20.000000,118.349763
0.001613,20.000000,118.613353
0.001620,20.000000,118.993560
0.001626,20.000000,119.462066
0.001631,20.000000,119.963589
0.001636,20.000000,118.695125
0.001641,20.000000,119.020652
0.001646,20.000000,119.130975
0.001650,20.000000,119.204472
0.001654,20.000000,119.242548
0.001658,20.000000,119.277966
0.001662,20.000000,119.316244
0.001665,20.000000,119.343963
0.001669,20.000000,119.359737
0.001673,20.000000,119.367086
0.001676,20.000000,119.338913
0.001679,20.000000,119.308341
0.001682,20.000000,119.296482
0.001687,20.000000,118.662415
0.001693,20.000000,119.218618
0.001698,20.000000,119.373381
0.001702,20.000000,119.675455
0.001707,20.000000,119.675484
0.001711,20.000000,120.095068
0.001716,20.000000,120.490825
0.001720,20.000000,120.953497
0.001724,20.000000,121.394139
0.001728,20.000000,121.784163
0.001733,20.000000,122.430535
0.001738,20.000000,121.446340
0.001743,20.000000,122.474206
0.001748,20.000000,123.153726
0.001753,20.000000,123.749585
0.001758,20.000000,124.292674
0.001762,20.000000,124.786243
0.001767,20.000000,125.228129
0.001772,20.000000,125.671524
0.001776,20.000000,126.128752
0.001780,20.000000,126.547477
0.001785,20.000000,126.953142
0.001789,20.000000,127.545268
0.001796,20.000000,125.314135
0.001802,20.000000,125.922492
0.001807,20.000000,126.036256
0.001813,20.000000,126.179457
0.001818,20.000000,126.386722
0.001823,20.000000,126.651171
0.001829,20.000000,127.007329
0.001835,20.000000,127.437557
0.001841,20.000000,127.774370
0.001847,20.000000,128.139617
0.001853,20.000000,128.564792
0.001853,20.000000,128.564792
0.001859,20.000000,127.063413
0.001865,20.000000,127.965390
0.001871,20.000000,128.300171
0.001876,20.000000,128.546872
0.001881,20.000000,128.685504
0.001887,20.000000,128.823512
0.001894,20.000000,128.969775
0.001901,20.000000,129.066628
0.001907,20.000000,129.106843
0.001911,20.000000,127.906365
0.001915,20.000000,128.292881
0.001920,20.000000,128.341047
0.001920,20.000000,128.341047
0.001924,20.000000,128.347768
0.001928,20.000000,128.342338
0.001932,20.000000,128.330974
0.001935,20.000000,128.306651
0.001939,20.000000,128.265956
0.001943,20.000000,128.197126
0.001946,20.000000,128.142922
0.001950,20.000000,128.112398
0.001956,20.000000,126.650334
0.001962,20.000000,127.242720
0.001968,20.000000,127.299957
0.001974,20.000000,128.606312
0.001981,20.000000,127.822263
0.001988,20.000000,127.362074
0.001995,20.000000,127.567448
0.002001,20.000000,128.460085
0.002007,20.000000,129.819012
0.002013,20.000000,128.023811
0.002018,20.000000,125.990474
0.002024,20.000000,126.776558
0.002031,20.000000,127.614887
0.002037,20.000000,129.307627
0.002043,20.000000,128.532754
0.002050,20.000000,127.898495
0.002057,20.000000,127.917564
0.002064,20.000000,128.678026
0.002069,20.000000,129.797000
0.002075,20.000000,127.643836
0.002081,20.000000,126.983899
0.002086,20.000000,125.273650
0.002092,20.000000,125.165274
0.002097,20.000000,125.602633
0.002103,20.000000,126.623336
0.002108,20.000000,127.907688
0.002112,20.000000,127.205113
0.002117,20.000000,126.721006
0.002123,20.000000,126.502609
0.002128,20.000000,126.537519
0.002134,20.000000,126.965347
0.002140,20.000000,127.877072
0.002146,20.000000,126.175598
0.002152,20.000000,126.266066
0.002158,20.000000,128.667688
0.002165,20.000000,128.174072
0.002172,20.000000,127.950889
0.002179,20.000000,127.970297
0.002187,20.000000,128.485879
0.002195,20.000000,128.989656
0.002201,20.000000,130.069672
0.002207,20.000000,129.471767
0.002207,20.000000,129.471767
0.002213,20.000000,131.317294
0.002220,20.000000,132.374371
0.002221,20.000000,132.512560
0.002227,20.000000,133.359086
0.002233,20.000000,133.766831
0.002239,20.000000,134.052370
0.002240,20.000000,133.666860
0.002244,20.000000,133.900309
0.002248,20.000000,134.124548
0.002252,20.000000,134.362837
0.002252,20.000000,134.362837
0.002256,20.000000,134.735802
0.002261,20.000000,135.204799
0.002266,20.000000,134.146940
0.002271,20.000000,134.911099
0.002276,20.000000,135.293702
0.002280,20.000000,135.657627
0.002286,20.000000,134.639346
0.002291,20.000000,135.576859
0.002291,20.000000,135.576859
0.002296,20.000000,136.209043
0.002302,20.000000,136.893599
0.002308,20.000000,137.655334
0.002308,20.000000,137.655334
0.002313,20.000000,138.505632
0.002319,20.000000,140.175957
0.002326,20.000000,140.389934
0.002326,20.000000,140.259104
0.002330,20.000000,139.674493
0.002335,20.000000,139.706056
0.002338,20.000000,139.799906
0.002345,20.000000,138.456309
0.002352,20.000000,140.012097
0.002359,20.000000,140.075559
0.002365,20.000000,140.873228
0.002370,20.000000,141.463939
0.002376,20.000000,141.871389
0.002381,20.000000,142.443439
0.002386,20.000000,143.680847
0.002391,20.000000,145.078597
0.002395,20.000000,146.713519
0.002400,20.000000,147.975599
0.002401,20.000000,146.658540
0.002405,20.000000,146.089044
0.002408,20.000000,146.666717
0.002411,20.000000,147.172726
0.002414,20.000000,147.550181
0.002417,20.000000,147.888353
0.002420,20.000000,148.185158
0.002423,20.000000,148.483746
0.002426,20.000000,148.705083
0.002430,20.000000,148.857529
0.002430,20.000000,148.857529
0.002435,20.000000,148.909996
0.002439,20.000000,149.188843
0.002439,20.000000,148.898956
0.002445,20.000000,149.018320
0.002450,20.000000,149.206641
0.002454,20.000000,149.300608
0.002459,20.000000,149.296688
0.002463,20.000000,149.350166
0.002463,20.000000,149.350166
0.002468,20.000000,149.326172
0.002473,20.000000,149.289239
0.002478,20.000000,149.214419
0.002483,20.000000,149.151193
0.002488,20.000000,149.091852
0.002493,20.000000,148.998866
0.002497,20.000000,148.884476
0.002502,20.000000,147.467878
0.002506,20.000000,147.459817
0.002510,20.000000,147.232870
0.002514,20.000000,147.017373
0.002519,20.000000,146.815652
0.002523,20.000000,146.611574
0.002527,20.000000,146.338990
0.002530,20.000000,146.074651
0.002534,20.000000,145.858412
0.002538,20.000000,145.664595
0.002542,20.000000,145.485501
0.002547,20.000000,144.386820
0.002553,20.000000,144.547005
0.002558,20.000000,144.386303
0.002563,20.000000,144.192304
0.002567,20.000000,144.055658
0.002572,20.000000,143.971127
0.002577,20.000000,143.914070
0.002581,20.000000,143.874246
0.002588,20.000000,143.312775
0.002593,20.000000,143.908547
0.002593,20.000000,143.908547
0.002599,20.000000,144.210992
0.002605,20.000000,144.297049
0.002611,20.000000,144.478312
0.002617,20.000000,144.638311
0.002624,20.000000,144.876917
0.002631,20.000000,145.297824
0.002636,20.000000,145.794759
0.002642,20.000000,146.313949
0.002647,20.000000,146.763889
0.002653,20.000000,147.112921
0.002659,20.000000,145.325967
0.002665,20.000000,145.830638
0.002671,20.000000,146.152504
0.002677,20.000000,146.500016
0.002684,20.000000,146.739746
0.002691,20.000000,146.843555
0.002698,20.000000,146.904194
0.002704,20.000000,146.962634
0.002711,20.000000,146.822048
0.002714,20.000000,145.934215
0.002716,20.000000,146.232991
0.002719,20.000000,146.401958
0.002722,20.000000,146.558552
0.002725,20.000000,146.782040
0.002730,20.000000,147.098201
0.002734,20.000000,147.688189
0.002740,20.000000,145.536944
0.002746,20.000000,145.986699
0.002753,20.000000,147.186037
0.002753,20.000000,147.186037
0.002760,20.000000,147.436287
0.002767,20.000000,149.744013
0.002767,20.000000,149.744013
0.002774,20.000000,147.218910
0.002779,20.000000,148.028430
0.002785,20.000000,148.486887
0.002791,20.000000,149.426637
0.002797,20.000000,148.358997
0.002804,20.000000,148.583033
0.002810,20.000000,148.648352
0.002815,20.000000,148.468888
0.002821,20.000000,148.035016
0.002827,20.000000,148.126919
0.002829,20.000000,147.324430
0.002833,20.000000,147.897231
0.002838,20.000000,148.340737
0.002843,20.000000,148.557546
0.002847,20.000000,148.714432
0.002852,20.000000,148.793604
0.002857,20.000000,148.849158
0.002860,20.000000,147.625888
0.002864,20.000000,147.875174
0.002868,20.000000,147.860470
0.002872,20.000000,147.840563
0.002877,20.000000,147.821227
0.002880,20.000000,146.963399
0.002884,20.000000,147.277226
0.002887,20.000000,147.343056
0.002890,20.000000,147.338474
0.002893,20.000000,147.302804
0.002896,20.000000,147.233947
0.002900,20.000000,147.139124
0.002903,20.000000,147.081823
0.002906,20.000000,147.030276
0.002909,20.000000,146.974580
0.002912,20.000000,146.912698
0.002915,20.000000,146.844658
0.002918,20.000000,146.771282
0.002920,20.000000,146.693958
0.002923,20.000000,146.614589
0.002927,20.000000,145.731777
0.002931,20.000000,146.084176
0.002935,20.000000,146.127305
0.002939,20.000000,146.118664
0.002943,20.000000,146.102277
0.002946,20.000000,146.039152
0.002949,20.000000,145.873666
0.002952,20.000000,145.633406
0.002955,20.000000,145.360555
0.002958,20.000000,145.108282
0.002961,20.000000,144.876596
0.002964,20.000000,144.665964
0.002968,20.000000,144.036331
0.002971,20.000000,144.567778
0.002975,20.000000,144.810286
0.002979,20.000000,145.084885
0.002983,20.000000,145.368065
0.002987,20.000000,145.690508
0.002991,20.000000,146.106226
0.002994,20.000000,146.547257
0.002997,20.000000,146.964953
0.003000,20.000000,147.313781
0.003004,20.000000,147.607560
0.003007,20.000000,147.842805
0.003010,20.000000,148.022774
0.003013,20.000000,146.001415
0.003016,20.000000,145.976969
0.003019,20.000000,145.807876
0.003023,20.000000,145.715620
0.003027,20.000000,145.654104
0.003031,20.000000,145.713989
0.003035,20.000000,144.696123
0.003038,20.000000,144.845987
0.003042,20.000000,145.400372
0.003046,20.000000,145.152111
0.003049,20.000000,145.189087
0.003052,20.000000,145.512511
0.003055,20.000000,145.878338
0.003061,20.000000,144.404801
0.003065,20.000000,145.774730
0.003071,20.000000,146.071634
0.003072,20.000000,146.064330
0.003078,20.000000,147.166633
0.003084,20.000000,148.249781
0.003090,20.000000,149.188646
0.003096,20.000000,148.200248
0.003101,20.000000,149.131036
0.003107,20.000000,149.583368
0.003113,20.000000,148.348860
0.003120,20.000000,149.401035
0.003126,20.000000,149.991742
0.003132,20.000000,150.466480
0.003138,20.000000,150.976868
0.003145,20.000000,149.847029
0.003151,20.000000,150.860037
0.003156,20.000000,151.229362
0.003161,20.000000,151.674671
0.003166,20.000000,152.125065
0.003171,20.000000,152.633570
0.003174,20.000000,153.300439
0.003178,20.000000,154.008666
0.003181,20.000000,154.836878
0.003181,20.000000,154.595809
0.003181,20.000000,154.193281
0.003183,20.000000,153.584701
0.003187,20.000000,153.346714
0.003192,20.000000,153.345912
0.003196,20.000000,153.326083
0.003199,20.000000,153.359672
0.003203,20.000000,153.407218
0.003206,20.000000,153.466294
0.003209,20.000000,153.505125
0.003212,20.000000,153.557254
0.003214,20.000000,153.635777
0.003217,20.000000,153.745225
0.003219,20.000000,153.837118
0.003221,20.000000,153.945954
0.003224,20.000000,154.122458
0.003225,20.000000,154.544590
0.003227,20.000000,154.934052
0.003228,20.000000,154.429499
0.003233,20.000000,155.095544
0.003237,20.000000,155.638135
0.003237,20.000000,155.638135
0.003242,20.000000,156.545592
0.003246,20.000000,157.355583
0.003250,20.000000,158.020330
0.003254,20.000000,158.509411
0.003258,20.000000,158.904073
0.003260,20.000000,158.874194
0.003264,20.000000,157.344639
0.003268,20.000000,158.012719
0.003271,20.000000,158.119137
0.003275,20.000000,157.976016
0.003279,20.000000,157.791374
0.003283,20.000000,157.454189
0.003287,20.000000,157.131771
0.003291,20.000000,156.780101
0.003295,20.000000,156.323355
0.003303,20.000000,154.617777
0.003309,20.000000,155.090639
0.003317,20.000000,154.795120
0.003324,20.000000,153.946086
0.003330,20.000000,153.320100
0.003337,20.000000,153.043801
0.003344,20.000000,152.759163
0.003351,20.000000,152.458437
0.003355,20.000000,151.524481
0.003358,20.000000,151.706945
0.003362,20.000000,151.598371
0.003366,20.000000,151.477767
0.003371,20.000000,151.409298
0.003376,20.000000,151.393362
0.003381,20.000000,151.415697
0.003386,20.000000,151.458500
0.003390,20.000000,151.449705
0.003394,20.000000,151.394896
0.003398,20.000000,151.323851
0.003403,20.000000,150.557639
0.003408,20.000000,150.994257
0.003413,20.000000,151.192090
0.003419,20.000000,150.250206
0.003425,20.000000,150.678430
0.003431,20.000000,150.809331
0.003431,20.000000,150.807425
0.003433,20.000000,150.804695
0.003435,20.000000,150.894294
0.003439,20.000000,150.993562
0.003442,20.000000,151.067845
0.003445,20.000000,151.142376
0.003449,20.000000,151.256829
0.003454,20.000000,151.394192
0.003459,20.000000,151.529045
0.003464,20.000000,151.608550
0.003468,20.000000,151.632074
0.003473,20.000000,151.582852
0.003477,20.000000,151.498594
0.003481,20.000000,150.698123
0.003485,20.000000,151.030845
0.003489,20.000000,151.190359
0.003494,20.000000,151.393684
0.003499,20.000000,151.618469
0.003504,20.000000,151.836573
0.003509,20.000000,151.973756
0.003513,20.000000,152.025723
0.003518,20.000000,152.017407
0.003522,20.000000,151.958670
0.003526,20.000000,151.179539
0.003530,20.000000,151.545206
0.003534,20.000000,151.690366
0.003538,20.000000,151.865395
0.003543,20.000000,152.105012
0.003547,20.000000,152.424385
0.003551,20.000000,152.826303
0.003555,20.000000,153.283626
0.003559,20.000000,153.695309
0.003562,20.000000,154.002644
0.003566,20.000000,153.245439
0.003570,20.000000,153.822966
0.003575,20.000000,154.179811
0.003578,20.000000,153.217353
0.003582,20.000000,153.747474
0.003586,20.000000,154.132783
0.003589,20.000000,154.608745
0.003593,20.000000,155.175516
0.003596,20.000000,155.747745
0.003599,20.000000,156.247857
0.003603,20.000000,155.561936
0.003606,20.000000,156.390229
0.003610,20.000000,156.824687
0.003614,20.000000,157.212220
0.003618,20.000000,157.557377
0.003618,20.000000,157.557377
0.003622,20.000000,157.798905
0.003626,20.000000,157.950060
0.003630,20.000000,158.060458
0.003634,20.000000,158.144822
0.003638,20.000000,157.239169
0.003641,20.000000,157.926565
0.003645,20.000000,158.268197
0.003645,20.000000,158.268197
0.003649,20.000000,158.587664
0.003653,20.000000,158.892002
0.003657,20.000000,158.207868
0.003661,20.000000,159.196645
0.003665,20.000000,159.863924
0.003669,20.000000,160.465365
0.003669,20.000000,160.096783
0.003674,20.000000,160.518678
0.003679,20.000000,161.114476
0.003684,20.000000,161.645605
0.003688,20.000000,162.149862
0.003691,20.000000,162.829916
0.003695,20.000000,163.402002
0.003698,20.000000,163.803344
0.003701,20.000000,164.124401
0.003704,20.000000,164.585808
0.003706,20.000000,163.780493
0.003711,20.000000,164.901806
0.003716,20.000000,165.438882
0.003720,20.000000,166.250704
0.003724,20.000000,166.969499
0.003729,20.000000,167.463559
0.003733,20.000000,167.963495
0.003737,20.000000,168.406434
0.003742,20.000000,168.796770
0.003742,20.000000,168.008198
0.003744,20.000000,167.337460
0.003747,20.000000,166.752284
0.003751,20.000000,166.610904
0.003754,20.000000,166.536131
0.003757,20.000000,166.262369
0.003761,20.000000,165.848358
0.003766,20.000000,165.566591
0.003770,20.000000,165.327801
0.003774,20.000000,165.000780
0.003777,20.000000,164.608083
0.003780,20.000000,163.116706
0.003785,20.000000,163.068745
0.003790,20.000000,162.856648
0.003794,20.000000,162.754541
0.003799,20.000000,162.605026
0.003803,20.000000,162.254171
0.003807,20.000000,161.660854
0.003810,20.000000,161.198420
0.003814,20.000000,160.791512
0.003817,20.000000,160.404699
0.003819,20.000000,160.045578
0.003822,20.000000,159.707947
0.003825,20.000000,159.383639
0.003827,20.000000,159.133478
0.003829,20.000000,158.899807
0.003831,20.000000,158.647415
0.003836,20.000000,157.080222
0.003840,20.000000,157.308504
0.003844,20.000000,157.400781
0.003848,20.000000,157.531755
0.003853,20.000000,156.804280
0.003859,20.000000,156.835390
0.003863,20.000000,156.805023
0.003868,20.000000,156.764671
0.003872,20.000000,156.691935
0.003876,20.000000,156.580357
0.003880,20.000000,156.389306
0.003884,20.000000,156.186646
0.003887,20.000000,156.232098
0.003892,20.000000,155.627450
0.003896,20.000000,155.895151
0.003899,20.000000,155.947037
0.003903,20.000000,155.986608
0.003908,20.000000,156.089417
0.003912,20.000000,156.218709
0.003918,20.000000,156.348061
0.003922,20.000000,156.449761
0.003927,20.000000,156.479816
0.003931,20.000000,156.456551
0.003935,20.000000,156.389596
0.003938,20.000000,156.292054
0.003942,20.000000,156.181465
0.003945,20.000000,156.068649
0.003949,20.000000,155.564788
0.003953,20.000000,155.820251
0.003957,20.000000,155.799537
0.003962,20.000000,155.728506
0.003966,20.000000,155.695006
0.003971,20.000000,155.694772
0.003975,20.000000,155.661655
0.003978,20.000000,155.183865
0.003982,20.000000,155.424925
0.003985,20.000000,155.504983
0.003988,20.000000,155.539107
0.003991,20.000000,155.548739
0.003994,20.000000,155.559158
0.003997,20.000000,155.580033
0.004001,20.000000,155.621503
0.004005,20.000000,155.704842
0.004009,20.000000,155.811417
0.004012,20.000000,155.915739
0.004016,20.000000,155.981684
0.004019,20.000000,156.006853
0.004022,20.000000,155.992785
0.004025,20.000000,155.387313
0.004028,20.000000,155.642171
0.004031,20.000000,155.751688
0.004034,20.000000,155.804494
0.004037,20.000000,155.845605
0.004040,20.000000,155.873139
0.004044,20.000000,155.896334
0.004047,20.000000,155.937318
0.004050,20.000000,155.980854
0.004053,20.000000,156.006247
0.004057,20.000000,156.013325
0.004060,20.000000,155.998908
0.004064,20.000000,155.259422
0.004067,20.000000,155.578516
0.004071,20.000000,155.674139
0.004075,20.000000,155.736479
0.004078,20.000000,155.792972
0.004083,20.000000,155.849040
0.004087,20.000000,155.952821
0.004092,20.000000,156.083495
0.004098,20.000000,155.442021
0.004104,20.000000,156.150416
0.004111,20.000000,156.479216
0.004117,20.000000,156.719541
0.004123,20.000000,156.932634
0.004128,20.000000,157.070122
0.004134,20.000000,156.627792
0.004139,20.000000,156.407201
0.004143,20.000000,155.994893
0.004146,20.000000,156.580988
0.004148,20.000000,156.749363
0.004152,20.000000,156.991700
0.004155,20.000000,157.219355
0.004159,20.000000,157.601663
0.004163,20.000000,158.129309
0.004167,20.000000,157.214992
0.004170,20.000000,157.623461
0.004175,20.000000,158.022111
0.004180,20.000000,158.330553
0.004185,20.000000,157.471862
0.004189,20.000000,158.284130
0.004193,20.000000,158.795173
0.004193,20.000000,158.795173
0.004197,20.000000,158.836576
0.004197,20.000000,158.836576
0.004201,20.000000,159.249318
0.004205,20.000000,159.928839
0.004205,20.000000,159.928839
0.004208,20.000000,160.530158
0.004212,20.000000,161.069633
0.004216,20.000000,160.195666
0.004220,20.000000,161.114025
0.004224,20.000000,161.590165
0.004228,20.000000,161.899356
0.004232,20.000000,162.128298
0.004238,20.000000,160.964816
0.004243,20.000000,161.852919
0.004248,20.000000,161.926223
0.004254,20.000000,162.366260
0.004259,20.000000,162.886425
0.004264,20.000000,163.432058
0.004269,20.000000,164.028195
0.004274,20.000000,164.403791
0.004279,20.000000,165.021820
0.004280,20.000000,164.536593
0.004287,20.000000,165.114089
0.004292,20.000000,166.164352
0.004298,20.000000,167.261519
0.004303,20.000000,168.229650
0.004308,20.000000,169.105984
0.004314,20.000000,169.868434
0.004320,20.000000,170.648752
0.004324,20.000000,169.056960
0.004328,20.000000,170.239219
0.004333,20.000000,170.995168
0.004338,20.000000,171.458330
0.004342,20.000000,171.925586
0.004346,20.000000,172.278660
0.004350,20.000000,172.539537
0.004353,20.000000,172.857211
0.004357,20.000000,171.468407
0.004361,20.000000,172.431711
0.004365,20.000000,172.787570
0.004370,20.000000,172.973684
0.004373,20.000000,173.173920
0.004377,20.000000,173.353784
0.004380,20.000000,173.391016
0.004386,20.000000,170.517106
0.004391,20.000000,170.516247
0.004397,20.000000,169.938146
0.004401,20.000000,169.346251
0.004406,20.000000,168.886164
0.004409,20.000000,168.490007
0.004413,20.000000,168.036133
0.004417,20.000000,167.548068
0.004420,20.000000,167.058102
0.004424,20.000000,166.615122
0.004426,20.000000,166.310358
0.004430,20.000000,165.042093
0.004434,20.000000,165.227534
0.004438,20.000000,165.066187
0.004442,20.000000,164.771636
0.004447,20.000000,164.448502
0.004452,20.000000,164.116343
0.004456,20.000000,163.774482
0.004460,20.000000,163.302844
0.004464,20.000000,162.816424
0.004468,20.000000,162.395423
0.004472,20.000000,162.077105
0.004477,20.000000,161.359593
0.004481,20.000000,162.555018
0.004486,20.000000,162.064330
0.004493,20.000000,162.187442
0.004501,20.000000,162.969080
0.004508,20.000000,162.460317
0.004515,20.000000,162.459976
0.004522,20.000000,162.638584
0.004529,20.000000,163.192390
0.004537,20.000000,162.697906
0.004544,20.000000,162.890264
0.004552,20.000000,162.614244
0.004561,20.000000,162.350484
0.004564,20.000000,161.312689
0.004568,20.000000,161.429802
0.004571,20.000000,161.399344
0.004575,20.000000,161.370605
0.004579,20.000000,161.284266
0.004583,20.000000,161.258148
0.004588,20.000000,161.300820
0.004593,20.000000,161.381262
0.004598,20.000000,161.457674
0.004602,20.000000,160.675919
0.004607,20.000000,161.101979
0.004612,20.000000,161.424129
0.004618,20.000000,161.767621
0.004624,20.000000,162.140372
0.004628,20.000000,161.385067
0.004633,20.000000,161.866216
0.004637,20.000000,162.129603
0.004642,20.000000,162.401988
0.004647,20.000000,162.680973
0.004653,20.000000,162.948176
0.004658,20.000000,163.165756
0.004663,20.000000,163.269702
0.004669,20.000000,163.370240
0.004674,20.000000,163.496753
0.004677,20.000000,163.653955
0.004681,20.000000,163.963698
0.004682,20.000000,163.876660
0.004683,20.000000,164.288730
0.004685,20.000000,164.540235
0.004686,20.000000,164.725484
0.004687,20.000000,164.885470
0.004689,20.000000,165.025213
0.004690,20.000000,165.147902
0.004690,20.000000,165.147902
0.004691,20.000000,164.880196
0.004691,20.000000,164.880196
0.004692,20.000000,164.887872
0.004692,20.000000,164.887872
0.004693,20.000000,164.886169
0.004693,20.000000,164.886169
0.004694,20.000000,164.879547
0.004695,20.000000,164.939318
0.004695,20.000000,164.939318
0.004697,20.000000,164.947387
0.004698,20.000000,165.000388
0.004699,20.000000,165.055374
0.004702,20.000000,164.216513
0.004706,20.000000,164.749497
0.004709,20.000000,164.988087
0.004712,20.000000,165.176076
0.004715,20.000000,165.448288
0.004719,20.000000,165.782369
0.004723,20.000000,166.101262
0.004726,20.000000,166.401602
0.004726,20.000000,166.401601
0.004730,20.000000,165.524165
0.004733,20.000000,166.026927
0.004736,20.000000,166.223395
0.004739,20.000000,166.473374
0.004743,20.000000,166.793796
0.004746,20.000000,167.030039
0.004749,20.000000,167.265462
0.004752,20.000000,167.444764
0.004755,20.000000,167.801993
0.004757,20.000000,168.165848
0.004757,20.000000,168.120692
0.004760,20.000000,167.850886
0.004763,20.000000,168.377149
0.004767,20.000000,168.929538
0.004770,20.000000,169.323153
0.004773,20.000000,169.630255
0.004776,20.000000,169.942096
0.004778,20.000000,170.258115
0.004781,20.000000,170.529752
0.004783,20.000000,170.882849
0.004785,20.000000,171.189854
0.004788,20.000000,171.441261
0.004790,20.000000,171.724849
0.004792,20.000000,171.965468
0.004794,20.000000,172.385740
0.004794,20.000000,172.118579
0.004796,20.000000,171.325076
0.004801,20.000000,171.166017
0.004805,20.000000,171.677157
0.004809,20.000000,172.546464
0.004814,20.000000,173.523244
0.004818,20.000000,174.307181
0.004822,20.000000,174.875524
0.004825,20.000000,175.361938
0.004826,20.000000,175.210609
0.004829,20.000000,175.856639
0.004832,20.000000,176.442662
0.004835,20.000000,176.998793
0.004839,20.000000,177.522955
0.004842,20.000000,178.057503
0.004845,20.000000,176.702685
0.004848,20.000000,177.510824
0.004851,20.000000,177.921167
0.004855,20.000000,178.198491
0.004858,20.000000,178.393974
0.004861,20.000000,178.531812
0.004865,20.000000,178.587086
0.004869,20.000000,178.583701
0.004873,20.000000,178.566543
0.004878,20.000000,176.345128
0.004883,20.000000,176.785040
0.004887,20.000000,176.618318
0.004892,20.000000,176.326807
0.004898,20.000000,175.963240
0.004903,20.000000,175.549881
0.004909,20.000000,175.136069
0.004914,20.000000,174.757044
0.004919,20.000000,174.398137
0.004924,20.000000,172.758843
0.004929,20.000000,172.962253
0.004934,20.000000,172.713150
0.004940,20.000000,172.238550
0.004944,20.000000,171.183608
0.004949,20.000000,171.537756
0.004954,20.000000,171.492224
0.004959,20.000000,171.387622
0.004965,20.000000,171.236187
0.004971,20.000000,171.087544
0.004976,20.000000,170.918884
0.004980,20.000000,170.728414
0.004984,20.000000,170.520819
0.004989,20.000000,169.429238
0.004993,20.000000,169.560056
0.004998,20.000000,169.425771
0.005003,20.000000,169.333539
0.005009,20.000000,169.319339
0.005014,20.000000,169.350345
0.005019,20.000000,169.392674
0.005023,20.000000,169.423233
0.005027,20.000000,169.439304
0.005031,20.000000,169.446161
0.005036,20.000000,168.715773
0.005042,20.000000,169.068204
0.005047,20.000000,169.075386
0.005052,20.000000,169.144728
0.005058,20.000000,169.289626
0.005063,20.000000,169.425296
0.005068,20.000000,169.492919
0.005073,20.000000,169.483817
0.005078,20.000000,169.395867
0.005082,20.000000,168.402631
0.005086,20.000000,168.584440
0.005090,20.000000,168.574533
0.005094,20.000000,168.528900
0.005099,20.000000,168.513173
0.005103,20.000000,167.992531
0.005107,20.000000,168.339965
0.005110,20.000000,168.475105
0.005114,20.000000,168.561542
0.005118,20.000000,168.635392
0.005123,20.000000,168.728902
0.005127,20.000000,168.829592
0.005131,20.000000,168.919752
0.005135,20.000000,168.995404
0.005139,20.000000,169.055952
0.005143,20.000000,169.093429
0.005146,20.000000,168.460880
0.005150,20.000000,168.925344
0.005153,20.000000,169.135663
0.005157,20.000000,169.287405
0.005160,20.000000,169.415507
0.005163,20.000000,169.534096
0.005168,20.000000,169.679931
0.005172,20.000000,168.835872
0.005176,20.000000,169.310188
0.005180,20.000000,169.520569
0.005184,20.000000,169.696186
0.005188,20.000000,169.868105
0.005192,20.000000,170.050510
0.005196,20.000000,170.271196
0.005200,20.000000,170.458407
0.005203,20.000000,170.600715
0.005207,20.000000,169.712229
0.005210,20.000000,170.159643
0.005213,20.000000,170.397104
0.005216,20.000000,170.652246
0.005219,20.000000,170.943057
0.005222,20.000000,171.325692
0.005226,20.000000,171.615038
0.005229,20.000000,171.794783
0.005232,20.000000,171.929368
0.005235,20.000000,172.036366
0.005238,20.000000,171.421612
0.005240,20.000000,171.819346
0.005242,20.000000,171.374168
0.005244,20.000000,171.161962
0.005246,20.000000,171.036287
0.005248,20.000000,171.020842
0.005248,20.000000,171.007076
0.005250,20.000000,170.971627
0.005252,20.000000,170.955892
0.005254,20.000000,170.962411
0.005257,20.000000,170.974232
0.005261,20.000000,170.090446
0.005264,20.000000,170.867025
0.005268,20.000000,171.288429
0.005271,20.000000,171.608966
0.005274,20.000000,171.900479
0.005277,20.000000,171.211906
0.005281,20.000000,170.953173
0.005284,20.000000,170.685137
0.005289,20.000000,170.112269
0.005294,20.000000,171.352839
0.005299,20.000000,172.098464
0.005304,20.000000,172.775656
0.005309,20.000000,173.337800
0.005314,20.000000,173.722631
0.005318,20.000000,174.098852
0.005318,20.000000,174.098852
0.005323,20.000000,174.072890
0.005328,20.000000,174.480535
0.005333,20.000000,174.832648
0.005333,20.000000,174.832649
0.005338,20.000000,175.153632
0.005343,20.000000,175.323106
0.005348,20.000000,175.614567
0.005353,20.000000,173.827654
0.005357,20.000000,174.316735
0.005358,20.000000,174.347558
0.005362,20.000000,174.492580
0.005366,20.000000,174.626424
0.005371,20.000000,174.750223
0.005377,20.000000,174.818744
0.005382,20.000000,174.789273
0.005387,20.000000,174.761230
0.005391,20.000000,174.669200
0.005395,20.000000,174.617741
0.005399,20.000000,174.549086
0.005403,20.000000,174.499477
0.005406,20.000000,174.481529
0.005410,20.000000,174.487315
0.005410,20.000000,174.369171
0.005411,20.000000,174.225701
0.005415,20.000000,173.513502
0.005419,20.000000,173.151095
0.005422,20.000000,172.890522
0.005427,20.000000,172.652975
0.005431,20.000000,172.468420
0.005436,20.000000,172.301209
0.005442,20.000000,172.067886
0.005447,20.000000,171.552686
0.005451,20.000000,170.956505
0.005455,20.000000,170.376587
0.005459,20.000000,169.848820
0.005463,20.000000,169.381106
0.005467,20.000000,168.979736
0.005470,20.000000,168.651878
0.005474,20.000000,168.070381
0.005477,20.000000,168.529577
0.005480,20.000000,168.771809
0.005483,20.000000,169.097705
0.005487,20.000000,169.524138
0.005491,20.000000,169.920742
0.005496,20.000000,170.284919
0.005500,20.000000,169.484563
0.005503,20.000000,169.748781
0.005506,20.000000,169.822729
0.005510,20.000000,169.864189
0.005513,20.000000,169.900731
0.005517,20.000000,169.953686
0.005521,20.000000,170.053095
0.005526,20.000000,170.177843
0.005531,20.000000,170.280082
0.005536,20.000000,170.336382
0.005540,20.000000,169.611789
0.005543,20.000000,169.878738
0.005547,20.000000,169.918841
0.005550,20.000000,169.912048
0.005554,20.000000,170.105954
0.005557,20.000000,170.393840
0.005560,20.000000,170.675992
0.005563,20.000000,170.910489
0.005565,20.000000,171.108685
0.005568,20.000000,171.306196
0.005573,20.000000,170.558094
0.005577,20.000000,171.433038
0.005582,20.000000,172.001945
0.005586,20.000000,172.438639
0.005590,20.000000,172.880480
0.005594,20.000000,173.282462
0.005599,20.000000,173.784161
0.005603,20.000000,174.321221
0.005609,20.000000,172.672620
0.005614,20.000000,173.180201
0.005619,20.000000,173.387114
0.005626,20.000000,171.971975
0.005632,20.000000,172.612189
0.005639,20.000000,172.822041
0.005646,20.000000,172.998179
0.005652,20.000000,173.494219
0.005658,20.000000,172.973716
0.005664,20.000000,172.860342
0.005664,20.000000,172.593009
0.005666,20.000000,172.351893
0.005670,20.000000,172.515593
0.005674,20.000000,172.756208
0.005677,20.000000,172.942721
0.005682,20.000000,173.243555
0.005687,20.000000,173.541964
0.005693,20.000000,173.861470
0.005699,20.000000,174.108514
0.005706,20.000000,174.276361
0.005712,20.000000,174.398168
0.005718,20.000000,174.469496
0.005724,20.000000,174.539749
0.005728,20.000000,172.685386
0.005732,20.000000,172.329320
0.005736,20.000000,171.937961
0.005740,20.000000,171.619233
0.005745,20.000000,171.092695
0.005750,20.000000,170.804484
0.005755,20.000000,170.621499
0.005760,20.000000,170.393501
0.005764,20.000000,170.113178
0.005768,20.000000,169.951287
0.005773,20.000000,169.083851
0.005777,20.000000,169.724824
0.005781,20.000000,169.916844
0.005786,20.000000,169.978376
0.005790,20.000000,169.977674
0.005796,20.000000,169.205968
0.005800,20.000000,169.914477
0.005804,20.000000,170.051925
0.005808,20.000000,170.292777
0.005812,20.000000,170.502699
0.005816,20.000000,170.691719
0.005820,20.000000,170.831309
0.005824,20.000000,170.892285
0.005828,20.000000,170.933337
0.005832,20.000000,170.547391
0.005835,20.000000,171.152860
0.005839,20.000000,171.460543
0.005842,20.000000,171.809002
0.005845,20.000000,172.172035
0.005848,20.000000,172.458318
0.005851,20.000000,172.833175
0.005854,20.000000,173.092788
0.005856,20.000000,171.872400
0.005858,20.000000,171.600885
0.005861,20.000000,171.449606
0.005863,20.000000,170.700160
0.005863,20.000000,170.721483
0.005866,20.000000,170.806155
0.005866,20.000000,170.802276
0.005869,20.000000,171.215066
0.005871,20.000000,171.652261
0.005874,20.000000,172.010070
0.005876,20.000000,172.331492
0.005876,20.000000,172.331492
0.005879,20.000000,172.639056
0.005882,20.000000,172.886433
0.005884,20.000000,173.140702
0.005887,20.000000,173.433045
0.005889,20.000000,173.721631
0.005892,20.000000,174.026012
0.005892,20.000000,173.746171
0.005895,20.000000,173.691979
0.005900,20.000000,173.836086
0.005904,20.000000,174.225339
0.005908,20.000000,174.703573
0.005912,20.000000,175.208858
0.005916,20.000000,175.727987
0.005920,20.000000,176.243435
0.005923,20.000000,176.788655
0.005926,20.000000,176.184590
0.005928,20.000000,176.566924
0.005930,20.000000,176.886280
0.005932,20.000000,177.166203
0.005934,20.000000,177.402504
0.005936,20.000000,177.641894
0.005938,20.000000,177.895040
0.005940,20.000000,178.170270
0.005942,20.000000,178.563671
0.005944,20.000000,178.915150
0.005947,20.000000,179.272559
0.005949,20.000000,179.598242
0.005951,20.000000,179.969081
0.005951,20.000000,179.758766
0.005952,20.000000,179.541874
0.005954,20.000000,179.527134
0.005960,20.000000,180.077317
0.005965,20.000000,180.774898
0.005969,20.000000,181.440361
0.005974,20.000000,179.942320
0.005978,20.000000,181.116441
0.005983,20.000000,182.074213
0.005986,20.000000,182.895383
0.005987,20.000000,182.802002
0.005991,20.000000,183.659505
0.005995,20.000000,184.493935
0.005999,20.000000,185.538082
0.006003,20.000000,186.552840
0.006007,20.000000,187.434293
0.006008,20.000000,186.746370
0.006009,20.000000,186.028142
0.006014,20.000000,185.940614
0.006019,20.000000,186.565871
0.006021,20.000000,186.688723
0.006024,20.000000,185.919627
0.006027,20.000000,187.172354
0.006030,20.000000,188.133236
0.006033,20.000000,188.852904
0.006034,20.000000,189.023423
0.006038,20.000000,189.515907
0.006042,20.000000,189.980589
0.006045,20.000000,190.343038
0.006049,20.000000,190.570088
0.006052,20.000000,190.709740
0.006058,20.000000,187.934114
0.006063,20.000000,188.507307
0.006067,20.000000,188.669821
0.006071,20.000000,189.037691
0.006075,20.000000,189.267801
0.006079,20.000000,189.376321
0.006083,20.000000,189.429669
0.006086,20.000000,189.447047
0.006087,20.000000,189.161359
0.006091,20.000000,189.272953
0.006096,20.000000,189.285280
0.006100,20.000000,189.276809
0.006105,20.000000,189.235889
0.006110,20.000000,187.367858
0.006115,20.000000,187.542573
0.006120,20.000000,187.418829
0.006124,20.000000,187.212494
0.006129,20.000000,186.925374
0.006133,20.000000,186.625427
0.006137,20.000000,185.296001
0.006141,20.000000,185.369873
0.006141,20.000000,185.351366
0.006145,20.000000,185.236157
0.006148,20.000000,185.119878
0.006148,20.000000,185.119878
0.006151,20.000000,185.048500
0.006156,20.000000,184.964575
0.006161,20.000000,184.848410
0.006165,20.000000,184.656160
0.006169,20.000000,184.412813
0.006174,20.000000,183.091590
0.006178,20.000000,183.261223
0.006183,20.000000,183.117452
0.006187,20.000000,182.941632
0.006192,20.000000,182.713520
0.006197,20.000000,182.484751
0.006202,20.000000,182.242799
0.006207,20.000000,181.986690
0.006211,20.000000,181.730676
0.006215,20.000000,180.840881
0.006218,20.000000,180.993053
0.006221,20.000000,180.954428
0.006224,20.000000,180.897706
0.006228,20.000000,180.845165
0.006231,20.000000,180.805870
0.006235,20.000000,180.801750
0.006238,20.000000,180.819164
0.006241,20.000000,180.818859
0.006244,20.000000,180.792856
0.006247,20.000000,180.744142
0.006250,20.000000,179.895770
0.006253,20.000000,180.027559
0.006256,20.000000,180.004447
0.006260,20.000000,179.958553
0.006263,20.000000,179.912217
0.006265,20.000000,179.867141
0.006268,20.000000,179.836456
0.006271,20.000000,179.818149
0.006274,20.000000,179.781567
0.006277,20.000000,179.734789
0.006281,20.000000,179.681852
0.006283,20.000000,179.608837
0.006286,20.000000,179.548141
0.006288,20.000000,179.499670
0.006291,20.000000,179.453516
0.006293,20.000000,179.406805
0.006297,20.000000,178.615368
0.006300,20.000000,178.879829
0.006304,20.000000,178.922623
0.006308,20.000000,178.928536
0.006312,20.000000,178.915620
0.006317,20.000000,178.926406
0.006321,20.000000,178.947050
0.006325,20.000000,178.965125
0.006328,20.000000,178.977413
0.006332,20.000000,178.986410
0.006336,20.000000,178.992694
0.006339,20.000000,178.986445
0.006343,20.000000,178.269681
0.006347,20.000000,178.660870
0.006351,20.000000,178.824059
0.006354,20.000000,178.959879
0.006359,20.000000,179.154785
