0.000000,0.000000,0.000000
0.000001,0.000000,0.482126
0.000003,0.000000,0.901414
0.000007,0.000000,5.139885
0.000007,0.000000,13.144381
0.000011,0.000000,16.685267
0.000012,0.000000,19.190151
0.000016,0.000000,21.919617
0.000019,0.000000,23.826871
0.000023,0.000000,27.686083
0.000028,0.000000,29.243145
0.000032,0.000000,32.985487
0.000034,0.000000,34.097740
0.000038,0.000000,45.598107
0.000041,0.000000,48.769975
0.000045,0.000000,52.792426
0.000050,0.000000,54.513683
0.000051,0.000000,60.770855
0.000059,0.000000,63.827573
0.000066,0.000000,67.877767
0.000073,0.000000,70.069768
0.000079,0.000000,73.131197
0.000086,0.000000,74.322503
0.000092,0.000000,71.225584
0.000098,0.000000,68.412004
0.000104,0.000000,73.269325
0.000110,0.000000,77.534121
0.000115,0.000000,80.742254
0.000120,0.000000,81.916130
0.000125,0.000000,64.358812
0.000129,0.000000,67.887127
0.000134,0.000000,70.794138
0.000139,0.000000,73.224143
0.000145,0.000000,74.566604
0.000150,0.000000,74.133459
0.000156,0.000000,73.483491
0.000160,0.000000,77.936972
0.000164,0.000000,79.236844
0.000168,0.000000,71.796308
0.000172,0.000000,74.359068
0.000177,0.000000,77.195873
0.000182,0.000000,79.827305
0.000186,0.000000,81.135001
0.000191,0.000000,68.821694
0.000195,0.000000,71.833475
0.000200,0.000000,76.582176
0.000205,0.000000,75.394267
0.000210,0.000000,78.138502
0.000215,0.000000,79.635208
0.000220,0.000000,76.658603
0.000225,0.000000,75.420755
0.000231,0.000000,78.503954
0.000236,0.000000,81.147661
0.000240,0.000000,83.181706
0.000245,0.000000,83.924528
0.000251,0.000000,80.145701
0.000257,0.000000,84.070994
0.000262,0.000000,86.940154
0.000267,0.000000,72.538624
0.000272,0.000000,75.749505
0.000278,0.000000,78.730281
0.000283,0.000000,81.522549
0.000288,0.000000,83.817597
0.000294,0.000000,84.990733
0.000300,0.000000,86.652520
0.000306,0.000000,84.344717
0.000312,0.000000,88.042565
0.000317,0.000000,90.290779
0.000323,0.000000,76.270533
0.000328,0.000000,79.274618
0.000333,0.000000,82.245140
0.000339,0.000000,85.194822
0.000345,0.000000,88.063355
0.000352,0.000000,90.258410
0.000359,0.000000,90.126326
0.000365,0.000000,91.959308
0.000371,0.000000,92.620187
0.000377,0.000000,78.072760
0.000383,0.000000,81.129316
0.000389,0.000000,82.762305
0.000396,0.000000,84.078094
0.000402,0.000000,86.864861
0.000409,0.000000,89.706624
0.000416,0.000000,91.316044
0.000423,0.000000,51.000603
0.000428,0.000000,89.944133
0.000434,0.000000,91.409563
0.000439,0.000000,77.208198
0.000445,0.000000,79.960687
0.000451,0.000000,85.586680
0.000457,0.000000,88.955091
0.000464,0.000000,92.172730
0.000471,0.000000,89.508665
0.000479,0.000000,90.999171
0.000485,0.000000,81.260096
0.000491,0.000000,82.747839
0.000498,0.000000,58.397339
0.000504,0.000000,64.107398
0.000505,0.000000,69.672564
0.000512,0.000000,77.025531
0.000518,0.000000,79.395988
0.000518,0.000000,66.564287
0.000519,0.000000,78.303407
0.000522,0.000000,81.671317
0.000527,0.000000,82.564299
0.000531,0.000000,76.700411
0.000532,0.000000,78.641611
0.000537,0.000000,83.022465
0.000542,0.000000,85.290956
0.000548,0.000000,85.737781
0.000553,0.000000,77.439323
0.000558,0.000000,76.032060
0.000564,0.000000,78.983705
0.000569,0.000000,84.672223
0.000573,0.000000,79.200304
0.000577,0.000000,81.124500
0.000580,0.000000,81.754351
0.000582,0.000000,83.121466
0.000585,0.000000,81.538596
0.000587,0.000000,82.491708
0.000589,0.000000,78.464058
0.000592,0.000000,60.040976
0.000594,0.000000,71.488513
0.000596,0.000000,75.297577
0.000599,0.000000,78.918105
0.000602,0.000000,87.822414
0.000605,0.000000,92.287973
0.000609,0.000000,95.208791
0.000612,0.000000,97.277750
0.000615,0.000000,100.842705
0.000618,0.000000,72.845123
0.000621,0.000000,76.943856
0.000625,0.000000,81.502577
0.000627,0.000000,85.415384
0.000627,0.000000,81.718152
0.000630,0.000000,85.378103
0.000632,0.000000,88.573955
0.000634,0.000000,90.615531
0.000636,0.000000,92.283560
0.000638,0.000000,91.489875
0.000640,0.000000,89.690892
0.000642,0.000000,91.451411
0.000644,0.000000,90.143232
0.000646,0.000000,91.378675
0.000648,0.000000,93.322746
0.000648,0.000000,94.783631
0.000650,0.000000,94.811859
0.000655,0.000000,91.970136
0.000659,0.000000,100.365071
0.000662,0.000000,101.908350
0.000666,0.000000,86.004031
0.000670,0.000000,81.275132
0.000673,0.000000,80.861569
0.000677,0.000000,77.954040
0.000677,0.000000,88.152747
0.000683,0.000000,92.961223
0.000688,0.000000,99.302419
0.000688,0.000000,64.936571
0.000694,0.000000,65.513596
0.000699,0.000000,66.445841
0.000699,0.000000,68.767359
0.000703,0.000000,68.064819
0.000708,0.000000,70.115140
0.000713,0.000000,75.550166
0.000717,0.000000,78.699042
0.000721,0.000000,74.114762
0.000722,0.000000,89.014257
0.000725,0.000000,93.588886
0.000730,0.000000,96.914163
0.000734,0.000000,81.496031
0.000738,0.000000,84.902992
0.000742,0.000000,88.339228
0.000746,0.000000,90.867370
0.000747,0.000000,90.136727
0.000754,0.000000,94.701467
0.000761,0.000000,82.623187
0.000767,0.000000,86.759723
0.000772,0.000000,94.181085
0.000777,0.000000,91.236072
0.000782,0.000000,92.537843
0.000787,0.000000,90.910057
0.000794,0.000000,96.109240
0.000801,0.000000,72.919122
0.000807,0.000000,78.580100
0.000812,0.000000,83.346252
0.000817,0.000000,84.238055
0.000822,0.000000,88.715647
0.000824,0.000000,77.921711
0.000830,0.000000,87.251500
0.000836,0.000000,88.103326
0.000836,0.000000,68.277116
0.000842,0.000000,64.579973
0.000842,0.000000,71.715397
0.000847,0.000000,63.070803
0.000847,0.000000,76.200186
0.000853,0.000000,67.398992
0.000853,0.000000,80.296580
0.000859,0.000000,79.430154
0.000864,0.000000,81.667356
0.000870,0.000000,85.782258
0.000875,0.000000,66.296841
0.000880,0.000000,67.213326
0.000880,0.000000,71.341141
0.000885,0.000000,65.157112
0.000885,0.000000,74.617929
0.000890,0.000000,67.651512
0.000896,0.000000,71.900990
0.000902,0.000000,80.076723
0.000907,0.000000,78.270656
0.000912,0.000000,78.897267
0.000917,0.000000,75.108090
0.000922,0.000000,76.676983
0.000927,0.000000,54.184851
0.000932,0.000000,62.824286
0.000938,0.000000,66.027553
0.000944,0.000000,64.473984
0.000950,0.000000,61.135127
0.000950,0.000000,59.030175
0.000956,0.000000,57.559963
0.000962,0.000000,62.847761
0.000968,0.000000,65.817020
0.000973,0.000000,68.591256
0.000979,0.000000,70.990681
0.000984,0.000000,68.124071
0.000990,0.000000,50.782383
0.000990,0.000000,53.193442
0.000996,0.000000,53.572926
0.001002,0.000000,78.834229
0.001008,0.000000,78.568887
0.001014,0.000000,63.045665
0.001019,0.000000,66.543783
0.001025,0.000000,69.266838
0.001032,0.000000,70.966735
0.001039,0.000000,72.263415
0.001045,0.000000,69.723710
0.001051,0.000000,65.170891
0.001055,0.000000,73.162556
0.001059,0.000000,74.444847
0.001064,0.000000,68.620795
0.001068,0.000000,71.155016
0.001072,0.000000,73.439895
0.001077,0.000000,75.256074
0.001081,0.000000,73.335529
0.001085,0.000000,66.712067
0.001089,0.000000,69.132972
0.001094,0.000000,71.278582
0.001100,0.000000,68.589615
0.001106,0.000000,71.716828
0.001112,0.000000,74.435390
0.001117,0.000000,75.614428
0.001122,0.000000,66.255281
0.001128,0.000000,68.807081
0.001133,0.000000,70.716597
0.001139,0.000000,74.126844
0.001145,0.000000,77.712542
0.001151,0.000000,80.859196
0.001157,0.000000,81.415587
0.001162,0.000000,73.772420
0.001168,0.000000,76.836899
0.001175,0.000000,80.057319
0.001181,0.000000,81.202656
0.001186,0.000000,80.618108
0.001191,0.000000,55.117972
0.001196,0.000000,66.981813
0.001202,0.000000,69.503054
0.001207,0.000000,71.464956
0.001212,0.000000,73.133039
0.001218,0.000000,75.321217
0.001224,0.000000,76.585700
0.001226,0.000000,76.425580
0.001233,0.000000,80.305820
0.001239,0.000000,81.049310
0.001245,0.000000,74.297869
0.001252,0.000000,80.045698
0.001259,0.000000,82.952151
0.001265,0.000000,74.620050
0.001271,0.000000,73.712831
0.001275,0.000000,74.788633
0.001282,0.000000,88.864116
0.001288,0.000000,76.274250
0.001294,0.000000,81.847257
0.001300,0.000000,86.038367
0.001305,0.000000,91.279243
0.001310,0.000000,93.963475
0.001315,0.000000,98.893926
0.001320,0.000000,70.834518
0.001324,0.000000,47.521723
0.001328,0.000000,51.229644
0.001332,0.000000,55.270762
0.001336,0.000000,60.077814
0.001340,0.000000,55.694704
0.001344,0.000000,58.800032
0.001347,0.000000,62.542573
0.001347,0.000000,64.461923
0.001348,0.000000,68.208517
0.001349,0.000000,72.566733
0.001351,0.000000,77.904182
0.001358,0.000000,85.855072
0.001358,0.000000,71.207203
0.001365,0.000000,66.501181
0.001371,0.000000,74.639008
0.001379,0.000000,79.294162
0.001386,0.000000,81.575253
0.001394,0.000000,84.688968
0.001394,0.000000,74.377584
0.001402,0.000000,68.067150
0.001410,0.000000,77.038225
0.001418,0.000000,79.786700
0.001427,0.000000,83.098482
0.001435,0.000000,77.636502
0.001442,0.000000,49.675793
0.001449,0.000000,47.176416
0.001449,0.000000,53.937459
0.001457,0.000000,51.360793
0.001457,0.000000,57.981941
0.001465,0.000000,57.251958
0.001466,0.000000,69.401250
0.001471,0.000000,72.575785
0.001475,0.000000,74.214207
0.001479,0.000000,71.677806
0.001483,0.000000,74.368788
0.001487,0.000000,79.025561
0.001491,0.000000,79.686826
0.001495,0.000000,72.649388
0.001500,0.000000,73.975773
0.001504,0.000000,76.709912
0.001510,0.000000,78.139341
0.001516,0.000000,81.355044
0.001522,0.000000,81.609809
0.001528,0.000000,75.258687
0.001534,0.000000,78.606623
0.001541,0.000000,81.392603
0.001547,0.000000,80.992277
0.001553,0.000000,79.993920
0.001559,0.000000,67.209005
0.001564,0.000000,70.600230
0.001570,0.000000,73.412456
0.001576,0.000000,84.676547
0.001582,0.000000,87.361885
0.001587,0.000000,87.379640
0.001593,0.000000,76.827021
0.001598,0.000000,80.306846
0.001604,0.000000,83.267301
0.001607,0.000000,86.070510
0.001613,0.000000,91.188532
0.001620,0.000000,87.655730
0.001626,0.000000,83.803188
0.001631,0.000000,66.246278
0.001636,0.000000,88.691014
0.001641,0.000000,92.422246
0.001646,0.000000,95.478912
0.001650,0.000000,97.099792
0.001654,0.000000,83.182398
0.001658,0.000000,86.157071
0.001662,0.000000,88.521551
0.001665,0.000000,91.109299
0.001669,0.000000,93.009272
0.001673,0.000000,94.381535
0.001676,0.000000,91.959375
0.001679,0.000000,91.379403
0.001682,0.000000,88.286337
0.001687,0.000000,85.748058
0.001693,0.000000,89.110960
0.001698,0.000000,92.876591
0.001702,0.000000,74.054354
0.001707,0.000000,84.146435
0.001711,0.000000,87.367801
0.001716,0.000000,90.504766
0.001720,0.000000,90.740705
0.001724,0.000000,93.657320
0.001728,0.000000,95.965053
0.001733,0.000000,95.075771
0.001738,0.000000,90.614347
0.001743,0.000000,104.095909
0.001748,0.000000,107.163139
0.001753,0.000000,81.974665
0.001758,0.000000,93.413440
0.001762,0.000000,99.923013
0.001767,0.000000,102.958496
0.001772,0.000000,106.705842
0.001776,0.000000,103.478760
0.001780,0.000000,99.162132
0.001785,0.000000,91.084710
0.001789,0.000000,52.185061
0.001796,0.000000,86.847135
0.001802,0.000000,90.471223
0.001807,0.000000,69.146311
0.001813,0.000000,77.612703
0.001818,0.000000,82.771142
0.001823,0.000000,85.462007
0.001829,0.000000,90.636056
0.001835,0.000000,96.227070
0.001841,0.000000,99.390397
0.001847,0.000000,94.496138
0.001853,0.000000,92.595273
0.001853,0.000000,43.744875
0.001859,0.000000,77.216367
0.001865,0.000000,87.466822
0.001871,0.000000,72.152915
0.001876,0.000000,74.272755
0.001881,0.000000,76.951524
0.001887,0.000000,86.715011
0.001894,0.000000,91.020055
0.001901,0.000000,92.306122
0.001907,0.000000,87.342202
0.001911,0.000000,81.955584
0.001915,0.000000,83.967421
0.001920,0.000000,86.510664
0.001920,0.000000,80.208600
0.001924,0.000000,77.820961
0.001928,0.000000,81.859230
0.001932,0.000000,83.649190
0.001935,0.000000,84.812107
0.001939,0.000000,85.261343
0.001943,0.000000,72.947146
0.001946,0.000000,79.339046
0.001950,0.000000,81.393743
0.001956,0.000000,82.993909
0.001962,0.000000,88.546245
0.001968,0.000000,90.315050
0.001974,0.000000,74.883091
0.001981,0.000000,87.272700
0.001988,0.000000,88.964437
0.001995,0.000000,87.597122
0.002001,0.000000,87.034169
0.002007,0.000000,75.273643
0.002013,0.000000,77.939195
0.002018,0.000000,92.507051
0.002024,0.000000,94.927737
0.002031,0.000000,95.816758
0.002037,0.000000,85.566844
0.002043,0.000000,82.579591
0.002050,0.000000,84.953764
0.002057,0.000000,86.423054
0.002064,0.000000,86.404638
0.002069,0.000000,78.498594
0.002075,0.000000,78.041530
0.002081,0.000000,80.889291
0.002086,0.000000,87.285709
0.002092,0.000000,89.264321
0.002097,0.000000,92.663467
0.002103,0.000000,94.236377
0.002108,0.000000,77.327241
0.002112,0.000000,84.426517
0.002117,0.000000,87.324793
0.002123,0.000000,87.677983
0.002128,0.000000,87.903384
0.002134,0.000000,88.389421
0.002140,0.000000,87.576136
0.002146,0.000000,72.088778
0.002152,0.000000,86.689581
0.002158,0.000000,86.621711
0.002165,0.000000,81.271613
0.002172,0.000000,84.424200
0.002179,0.000000,85.126574
0.002187,0.000000,91.329201
0.002195,0.000000,80.407626
0.002201,0.000000,64.477438
0.002207,0.000000,90.254471
0.002207,0.000000,82.928052
0.002213,0.000000,78.697861
0.002220,0.000000,85.908333
0.002221,0.000000,92.411838
0.002227,0.000000,90.750751
0.002233,0.000000,86.865953
0.002239,0.000000,82.173055
0.002240,0.000000,79.474378
0.002244,0.000000,84.898821
0.002248,0.000000,94.128077
0.002252,0.000000,94.448354
0.002252,0.000000,81.490863
0.002256,0.000000,73.563140
0.002261,0.000000,77.110242
0.002266,0.000000,90.031162
0.002271,0.000000,96.366975
0.002276,0.000000,91.121971
0.002280,0.000000,76.623717
0.002286,0.000000,86.741478
0.002291,0.000000,67.751145
0.002291,0.000000,72.517610
0.002296,0.000000,67.352968
0.002302,0.000000,72.699511
0.002308,0.000000,69.762558
0.002308,0.000000,77.206182
0.002313,0.000000,72.097938
0.002319,0.000000,74.371226
0.002326,0.000000,78.582200
0.002326,0.000000,67.905234
0.002330,0.000000,73.574380
0.002335,0.000000,77.004690
0.002338,0.000000,82.522038
0.002345,0.000000,81.676272
0.002352,0.000000,86.215066
0.002359,0.000000,72.048917
0.002365,0.000000,76.282944
0.002370,0.000000,79.292223
0.002376,0.000000,81.752708
0.002381,0.000000,84.190969
0.002386,0.000000,85.140350
0.002391,0.000000,61.643687
0.002395,0.000000,60.331629
0.002400,0.000000,66.052588
0.002401,0.000000,74.192681
0.002405,0.000000,82.128703
0.002408,0.000000,88.489050
0.002411,0.000000,90.582818
0.002414,0.000000,92.180940
0.002417,0.000000,93.918515
0.002420,0.000000,79.228216
0.002423,0.000000,75.876316
0.002426,0.000000,77.183296
0.002430,0.000000,78.353365
0.002430,0.000000,84.540085
0.002435,0.000000,79.201172
0.002439,0.000000,84.537653
0.002439,0.000000,81.947524
0.002445,0.000000,84.857085
0.002450,0.000000,89.876440
0.002454,0.000000,73.349616
0.002459,0.000000,74.649771
0.002463,0.000000,73.548471
0.002463,0.000000,80.116743
0.002468,0.000000,74.725703
0.002473,0.000000,75.170448
0.002478,0.000000,83.619967
0.002483,0.000000,84.991436
0.002488,0.000000,85.074665
0.002493,0.000000,63.254986
0.002497,0.000000,65.580604
0.002502,0.000000,82.887778
0.002506,0.000000,72.298629
0.002510,0.000000,76.143188
0.002514,0.000000,79.303640
0.002519,0.000000,82.336653
0.002523,0.000000,84.525946
0.002527,0.000000,65.491607
0.002530,0.000000,73.257100
0.002534,0.000000,75.865543
0.002538,0.000000,78.333285
0.002542,0.000000,80.713292
0.002547,0.000000,81.454454
0.002553,0.000000,84.613221
0.002558,0.000000,86.404117
0.002563,0.000000,73.715953
0.002567,0.000000,77.633368
0.002572,0.000000,80.447072
0.002577,0.000000,82.843928
0.002581,0.000000,84.601879
0.002588,0.000000,81.528164
0.002593,0.000000,83.382503
0.002593,0.000000,70.398428
0.002599,0.000000,64.625630
0.002605,0.000000,73.949276
0.002611,0.000000,77.631489
0.002617,0.000000,80.775581
0.002624,0.000000,82.518783
0.002631,0.000000,80.569245
0.002636,0.000000,77.624812
0.002642,0.000000,62.444031
0.002647,0.000000,64.494161
0.002653,0.000000,66.200253
0.002659,0.000000,84.583080
0.002665,0.000000,84.932815
0.002671,0.000000,72.794843
0.002677,0.000000,75.762938
0.002684,0.000000,78.464212
0.002691,0.000000,80.629588
0.002698,0.000000,77.498279
0.002704,0.000000,69.892413
0.002711,0.000000,53.456980
0.002714,0.000000,92.462007
0.002716,0.000000,93.690704
0.002719,0.000000,94.284620
0.002722,0.000000,94.043664
0.002725,0.000000,91.245867
0.002730,0.000000,80.077698
0.002734,0.000000,93.378691
0.002740,0.000000,87.542513
0.002746,0.000000,92.790266
0.002753,0.000000,76.722654
0.002753,0.000000,77.337325
0.002760,0.000000,75.793558
0.002767,0.000000,73.174939
0.002767,0.000000,70.011455
0.002774,0.000000,69.715299
0.002779,0.000000,75.393404
0.002785,0.000000,85.728608
0.002791,0.000000,65.742328
0.002797,0.000000,73.063153
0.002804,0.000000,77.536554
0.002810,0.000000,79.041912
0.002815,0.000000,81.627817
0.002821,0.000000,77.259557
0.002827,0.000000,70.528258
0.002829,0.000000,74.896375
0.002833,0.000000,80.290862
0.002838,0.000000,83.372208
0.002843,0.000000,86.967713
0.002847,0.000000,89.256269
0.002852,0.000000,80.221042
0.002857,0.000000,82.513055
0.002860,0.000000,95.260667
0.002864,0.000000,96.146384
0.002868,0.000000,94.695654
0.002872,0.000000,84.885158
0.002877,0.000000,87.467197
0.002880,0.000000,89.223825
0.002884,0.000000,91.941901
0.002887,0.000000,93.783128
0.002890,0.000000,95.214203
0.002893,0.000000,96.625520
0.002896,0.000000,92.183499
0.002900,0.000000,87.329605
0.002903,0.000000,89.476325
0.002906,0.000000,91.403305
0.002909,0.000000,93.218214
0.002912,0.000000,94.904015
0.002915,0.000000,96.404491
0.002918,0.000000,97.652407
0.002920,0.000000,98.553359
0.002923,0.000000,98.972907
0.002927,0.000000,93.057979
0.002931,0.000000,88.643431
0.002935,0.000000,91.497130
0.002939,0.000000,93.900852
0.002943,0.000000,97.023625
0.002946,0.000000,91.577753
0.002949,0.000000,90.114441
0.002952,0.000000,92.591926
0.002955,0.000000,88.066749
0.002958,0.000000,88.847191
0.002961,0.000000,89.045917
0.002964,0.000000,88.316402
0.002968,0.000000,95.104208
0.002971,0.000000,96.778521
0.002975,0.000000,95.233982
0.002979,0.000000,85.929875
0.002983,0.000000,89.296788
0.002987,0.000000,95.152659
0.002991,0.000000,101.048251
0.002994,0.000000,103.756094
0.002997,0.000000,108.215569
0.003000,0.000000,110.274230
0.003004,0.000000,101.062494
0.003007,0.000000,105.250421
0.003010,0.000000,106.438602
0.003013,0.000000,101.416649
0.003016,0.000000,102.285483
0.003019,0.000000,102.396660
0.003023,0.000000,104.248571
0.003027,0.000000,87.617769
0.003031,0.000000,90.000707
0.003035,0.000000,95.345095
0.003038,0.000000,102.603231
0.003042,0.000000,98.601504
0.003046,0.000000,82.634503
0.003049,0.000000,88.240657
0.003052,0.000000,90.619192
0.003055,0.000000,84.106278
0.003061,0.000000,74.526526
0.003065,0.000000,78.187496
0.003071,0.000000,79.236528
0.003072,0.000000,85.595971
0.003078,0.000000,90.523159
0.003084,0.000000,94.140163
0.003090,0.000000,96.121767
0.003096,0.000000,91.354680
0.003101,0.000000,92.034640
0.003107,0.000000,84.022381
0.003113,0.000000,92.025039
0.003120,0.000000,85.144730
0.003126,0.000000,87.037605
0.003132,0.000000,90.252689
0.003138,0.000000,91.595578
0.003145,0.000000,92.587139
0.003151,0.000000,91.752851
0.003156,0.000000,85.203386
0.003161,0.000000,85.283917
0.003166,0.000000,90.804736
0.003171,0.000000,89.565955
0.003174,0.000000,86.798089
0.003178,0.000000,84.976658
0.003181,0.000000,84.231119
0.003181,0.000000,71.878228
0.003181,0.000000,76.018162
0.003183,0.000000,80.283503
0.003187,0.000000,85.830402
0.003192,0.000000,88.403547
0.003196,0.000000,90.192123
0.003199,0.000000,77.072636
0.003203,0.000000,80.587189
0.003206,0.000000,79.627296
0.003209,0.000000,82.093083
0.003212,0.000000,83.747746
0.003214,0.000000,86.352228
0.003217,0.000000,85.418160
0.003219,0.000000,86.963661
0.003221,0.000000,89.000153
0.003224,0.000000,87.573112
0.003225,0.000000,90.638717
0.003227,0.000000,88.717450
0.003228,0.000000,81.993822
0.003233,0.000000,86.747248
0.003237,0.000000,88.831632
0.003237,0.000000,75.433845
0.003242,0.000000,68.141156
0.003246,0.000000,77.047992
0.003250,0.000000,80.054865
0.003254,0.000000,80.216474
0.003258,0.000000,82.760330
0.003260,0.000000,84.669684
0.003264,0.000000,78.411050
0.003268,0.000000,80.740391
0.003271,0.000000,82.035536
0.003275,0.000000,82.555665
0.003279,0.000000,80.406070
0.003283,0.000000,68.349759
0.003287,0.000000,70.740403
0.003291,0.000000,72.916958
0.003295,0.000000,75.474384
0.003303,0.000000,79.039432
0.003309,0.000000,67.242901
0.003317,0.000000,71.197707
0.003324,0.000000,75.910281
0.003330,0.000000,77.363317
0.003337,0.000000,79.046068
0.003344,0.000000,68.354916
0.003351,0.000000,48.573596
0.003355,0.000000,76.835101
0.003358,0.000000,78.293344
0.003362,0.000000,76.295733
0.003366,0.000000,60.429710
0.003371,0.000000,62.582816
0.003376,0.000000,65.125017
0.003381,0.000000,68.137471
0.003386,0.000000,71.229195
0.003390,0.000000,74.383431
0.003394,0.000000,77.263916
0.003398,0.000000,79.760841
0.003403,0.000000,81.929608
0.003408,0.000000,68.559544
0.003413,0.000000,71.139287
0.003419,0.000000,78.631058
0.003425,0.000000,67.639416
0.003431,0.000000,70.339574
0.003431,0.000000,62.298851
0.003433,0.000000,79.650518
0.003435,0.000000,81.076580
0.003439,0.000000,83.658597
0.003442,0.000000,84.450225
0.003445,0.000000,83.413375
0.003449,0.000000,69.523100
0.003454,0.000000,71.501346
0.003459,0.000000,73.789049
0.003464,0.000000,76.714484
0.003468,0.000000,79.985086
0.003473,0.000000,82.760942
0.003477,0.000000,85.221301
0.003481,0.000000,84.624490
0.003485,0.000000,86.521136
0.003489,0.000000,86.917052
0.003494,0.000000,72.673810
0.003499,0.000000,75.344909
0.003504,0.000000,78.240386
0.003509,0.000000,81.210232
0.003513,0.000000,84.364993
0.003518,0.000000,87.017217
0.003522,0.000000,89.342238
0.003526,0.000000,88.357623
0.003530,0.000000,89.881353
0.003534,0.000000,89.140845
0.003538,0.000000,73.351029
0.003543,0.000000,77.125503
0.003547,0.000000,82.755993
0.003551,0.000000,85.262712
0.003555,0.000000,89.902687
0.003559,0.000000,95.918942
0.003562,0.000000,93.565136
0.003566,0.000000,99.048754
0.003570,0.000000,104.927345
0.003575,0.000000,105.529562
0.003578,0.000000,88.170352
0.003582,0.000000,98.370216
0.003586,0.000000,102.800359
0.003589,0.000000,102.398790
0.003593,0.000000,87.565957
0.003596,0.000000,95.580576
0.003599,0.000000,98.318809
0.003603,0.000000,101.180667
0.003606,0.000000,101.636861
0.003610,0.000000,104.367217
0.003614,0.000000,92.047138
0.003618,0.000000,92.151460
0.003618,0.000000,77.282007
0.003622,0.000000,74.048055
0.003626,0.000000,79.354461
0.003630,0.000000,81.876396
0.003634,0.000000,85.221700
0.003638,0.000000,91.856970
0.003641,0.000000,93.328339
0.003645,0.000000,92.774164
0.003645,0.000000,87.091463
0.003649,0.000000,94.532058
0.003653,0.000000,78.264047
0.003657,0.000000,89.232834
0.003661,0.000000,90.857298
0.003665,0.000000,90.726747
0.003669,0.000000,72.315789
0.003669,0.000000,83.695580
0.003674,0.000000,88.221203
0.003679,0.000000,94.917065
0.003684,0.000000,96.568320
0.003688,0.000000,77.473994
0.003691,0.000000,80.097953
0.003695,0.000000,83.100567
0.003698,0.000000,87.471024
0.003701,0.000000,89.286411
0.003704,0.000000,89.701276
0.003706,0.000000,87.580692
0.003711,0.000000,91.423433
0.003716,0.000000,87.463113
0.003720,0.000000,79.003995
0.003724,0.000000,83.312542
0.003729,0.000000,87.241613
0.003733,0.000000,86.424475
0.003737,0.000000,88.449608
0.003742,0.000000,88.290234
0.003742,0.000000,74.751893
0.003744,0.000000,76.834107
0.003747,0.000000,79.465906
0.003751,0.000000,83.498785
0.003754,0.000000,85.168827
0.003757,0.000000,78.814915
0.003761,0.000000,80.372543
0.003766,0.000000,82.777027
0.003770,0.000000,71.359963
0.003774,0.000000,75.563457
0.003777,0.000000,77.413808
0.003780,0.000000,77.876603
0.003785,0.000000,76.612097
0.003790,0.000000,80.387888
0.003794,0.000000,76.135885
0.003799,0.000000,78.007949
0.003803,0.000000,80.346325
0.003807,0.000000,82.064773
0.003810,0.000000,83.516661
0.003814,0.000000,83.689425
0.003817,0.000000,74.828677
0.003819,0.000000,76.401524
0.003822,0.000000,77.657800
0.003825,0.000000,78.437236
0.003827,0.000000,78.618464
0.003829,0.000000,78.073688
0.003831,0.000000,76.752893
0.003836,0.000000,86.170972
0.003840,0.000000,87.586690
0.003844,0.000000,87.545173
0.003848,0.000000,77.202512
0.003853,0.000000,72.096752
0.003859,0.000000,75.341202
0.003863,0.000000,78.719182
0.003868,0.000000,82.127370
0.003872,0.000000,85.434153
0.003876,0.000000,87.425266
0.003880,0.000000,88.850778
0.003884,0.000000,90.129812
0.003887,0.000000,90.358674
0.003892,0.000000,81.890717
0.003896,0.000000,84.231670
0.003899,0.000000,87.549946
0.003903,0.000000,84.709944
0.003908,0.000000,72.689519
0.003912,0.000000,75.471690
0.003918,0.000000,78.478357
0.003922,0.000000,81.865802
0.003927,0.000000,85.030997
0.003931,0.000000,87.891109
0.003935,0.000000,90.366433
0.003938,0.000000,92.399551
0.003942,0.000000,93.657571
0.003945,0.000000,93.122277
0.003949,0.000000,86.114588
0.003953,0.000000,88.555950
0.003957,0.000000,87.209345
0.003962,0.000000,73.140095
0.003966,0.000000,74.795251
0.003971,0.000000,78.269663
0.003975,0.000000,82.800230
0.003978,0.000000,82.394399
0.003982,0.000000,78.304530
0.003985,0.000000,80.322254
0.003988,0.000000,79.823605
0.003991,0.000000,80.708443
0.003994,0.000000,81.465332
0.003997,0.000000,79.897295
0.004001,0.000000,70.406021
0.004005,0.000000,72.837611
0.004009,0.000000,75.604178
0.004012,0.000000,78.096348
0.004016,0.000000,82.028377
0.004019,0.000000,84.103384
0.004022,0.000000,85.845553
0.004025,0.000000,82.617971
0.004028,0.000000,84.249332
0.004031,0.000000,85.788777
0.004034,0.000000,83.299003
0.004037,0.000000,83.914844
0.004040,0.000000,82.865212
0.004044,0.000000,74.120107
0.004047,0.000000,77.323176
0.004050,0.000000,79.557183
0.004053,0.000000,81.587118
0.004057,0.000000,83.577784
0.004060,0.000000,85.387625
0.004064,0.000000,84.995107
0.004067,0.000000,87.461537
0.004071,0.000000,89.267885
0.004075,0.000000,90.397040
0.004078,0.000000,89.741231
0.004083,0.000000,76.137720
0.004087,0.000000,78.289799
0.004092,0.000000,80.624895
0.004098,0.000000,79.087256
0.004104,0.000000,82.217830
0.004111,0.000000,84.751350
0.004117,0.000000,86.463530
0.004123,0.000000,84.301996
0.004128,0.000000,83.124421
0.004134,0.000000,82.030557
0.004139,0.000000,53.491898
0.004143,0.000000,95.940172
0.004146,0.000000,99.433218
0.004148,0.000000,76.943990
0.004152,0.000000,83.706472
0.004155,0.000000,85.354762
0.004159,0.000000,92.659693
0.004163,0.000000,100.972782
0.004167,0.000000,95.986370
0.004170,0.000000,94.284719
0.004175,0.000000,84.441021
0.004180,0.000000,91.999248
0.004185,0.000000,92.029466
0.004189,0.000000,96.441590
0.004193,0.000000,104.167067
0.004193,0.000000,86.909466
0.004197,0.000000,89.891874
0.004197,0.000000,90.833301
0.004201,0.000000,94.504251
0.004205,0.000000,100.222183
0.004205,0.000000,89.042184
0.004208,0.000000,96.187402
0.004212,0.000000,103.963210
0.004216,0.000000,86.203096
0.004220,0.000000,89.521595
0.004224,0.000000,90.278668
0.004228,0.000000,92.370427
0.004232,0.000000,90.487955
0.004238,0.000000,85.616393
0.004243,0.000000,87.767724
0.004248,0.000000,92.462198
0.004254,0.000000,80.918336
0.004259,0.000000,87.907852
0.004264,0.000000,86.707759
0.004269,0.000000,95.946282
0.004274,0.000000,91.281079
0.004279,0.000000,88.725808
0.004280,0.000000,85.271828
0.004287,0.000000,88.506531
0.004292,0.000000,73.157261
0.004298,0.000000,76.340644
0.004303,0.000000,78.265876
0.004308,0.000000,84.508526
0.004314,0.000000,88.742428
0.004320,0.000000,88.290869
0.004324,0.000000,84.719261
0.004328,0.000000,89.500052
0.004333,0.000000,93.588626
0.004338,0.000000,94.991661
0.004342,0.000000,75.492477
0.004346,0.000000,81.678956
0.004350,0.000000,85.642918
0.004353,0.000000,87.236720
0.004357,0.000000,91.486189
0.004361,0.000000,93.387384
0.004365,0.000000,93.418591
0.004370,0.000000,69.956545
0.004373,0.000000,80.799628
0.004377,0.000000,83.065408
0.004380,0.000000,85.271112
0.004386,0.000000,76.405857
0.004391,0.000000,78.946778
0.004397,0.000000,81.309586
0.004401,0.000000,82.222835
0.004406,0.000000,69.770447
0.004409,0.000000,72.710180
0.004413,0.000000,75.272921
0.004417,0.000000,77.338108
0.004420,0.000000,78.998542
0.004424,0.000000,80.031988
0.004426,0.000000,79.975928
0.004430,0.000000,80.383542
0.004434,0.000000,82.427794
0.004438,0.000000,81.489429
0.004442,0.000000,67.908608
0.004447,0.000000,70.616435
0.004452,0.000000,73.810224
0.004456,0.000000,77.179296
0.004460,0.000000,80.593800
0.004464,0.000000,83.595459
0.004468,0.000000,86.342525
0.004472,0.000000,84.519168
0.004477,0.000000,81.619654
0.004481,0.000000,76.950551
0.004486,0.000000,70.996707
0.004493,0.000000,70.072742
0.004501,0.000000,69.861637
0.004508,0.000000,74.205973
0.004515,0.000000,76.965166
0.004522,0.000000,76.380775
0.004529,0.000000,66.146188
0.004537,0.000000,51.695214
0.004544,0.000000,55.635798
0.004552,0.000000,57.218259
0.004561,0.000000,60.263484
0.004564,0.000000,84.574522
0.004568,0.000000,86.697431
0.004571,0.000000,87.976852
0.004575,0.000000,87.535141
0.004579,0.000000,73.744836
0.004583,0.000000,76.316013
0.004588,0.000000,79.052887
0.004593,0.000000,82.156232
0.004598,0.000000,85.244566
0.004602,0.000000,93.865017
0.004607,0.000000,83.109738
0.004612,0.000000,75.174811
0.004618,0.000000,78.907966
0.004624,0.000000,81.810695
0.004628,0.000000,95.438257
0.004633,0.000000,93.246225
0.004637,0.000000,74.452168
0.004642,0.000000,77.074975
0.004647,0.000000,79.795056
0.004653,0.000000,83.144038
0.004658,0.000000,87.215908
0.004663,0.000000,88.200544
0.004669,0.000000,91.139550
0.004674,0.000000,92.773032
0.004677,0.000000,97.529533
0.004681,0.000000,90.760850
0.004682,0.000000,102.242993
0.004683,0.000000,101.267006
0.004685,0.000000,96.785690
0.004686,0.000000,98.881216
0.004687,0.000000,102.288556
0.004689,0.000000,102.483345
0.004690,0.000000,102.650177
0.004690,0.000000,98.018691
0.004691,0.000000,98.420321
0.004691,0.000000,95.876813
0.004692,0.000000,97.852818
0.004692,0.000000,95.195849
0.004693,0.000000,97.481194
0.004693,0.000000,95.805093
0.004694,0.000000,98.270880
0.004695,0.000000,99.725594
0.004695,0.000000,97.362889
0.004697,0.000000,99.910499
0.004698,0.000000,97.371708
0.004699,0.000000,96.865967
0.004702,0.000000,80.430698
0.004706,0.000000,83.651798
0.004709,0.000000,85.802434
0.004712,0.000000,86.110610
0.004715,0.000000,95.480627
0.004719,0.000000,86.487415
0.004723,0.000000,88.011574
0.004726,0.000000,90.643755
0.004726,0.000000,82.677124
0.004730,0.000000,87.968118
0.004733,0.000000,92.365509
0.004736,0.000000,94.333324
0.004739,0.000000,93.110076
0.004743,0.000000,92.639749
0.004746,0.000000,88.265965
0.004749,0.000000,76.884478
0.004752,0.000000,79.118849
0.004755,0.000000,77.189735
0.004757,0.000000,79.043589
0.004757,0.000000,71.329540
0.004760,0.000000,75.861435
0.004763,0.000000,80.419105
0.004767,0.000000,84.016684
0.004770,0.000000,85.072463
0.004773,0.000000,85.561738
0.004776,0.000000,84.380593
0.004778,0.000000,74.230617
0.004781,0.000000,77.418111
0.004783,0.000000,77.791583
0.004785,0.000000,79.631441
0.004788,0.000000,81.821605
0.004790,0.000000,86.596478
0.004792,0.000000,87.399870
0.004794,0.000000,89.500059
0.004794,0.000000,77.320965
0.004796,0.000000,81.688596
0.004801,0.000000,86.544653
0.004805,0.000000,92.989074
0.004809,0.000000,66.046571
0.004814,0.000000,76.575291
0.004818,0.000000,81.937069
0.004822,0.000000,86.761036
0.004825,0.000000,87.303528
0.004826,0.000000,86.593914
0.004829,0.000000,90.143388
0.004832,0.000000,94.247982
0.004835,0.000000,94.847073
0.004839,0.000000,84.300439
0.004842,0.000000,87.181954
0.004845,0.000000,87.628290
0.004848,0.000000,89.868216
0.004851,0.000000,92.317900
0.004855,0.000000,94.132908
0.004858,0.000000,94.773093
0.004861,0.000000,77.730362
0.004865,0.000000,77.309883
0.004869,0.000000,80.436748
0.004873,0.000000,83.209006
0.004878,0.000000,85.878300
0.004883,0.000000,88.395682
0.004887,0.000000,88.963000
0.004892,0.000000,66.775114
0.004898,0.000000,68.864866
0.004903,0.000000,71.172928
0.004909,0.000000,73.593253
0.004914,0.000000,75.992214
0.004919,0.000000,78.386201
0.004924,0.000000,82.716959
0.004929,0.000000,81.740069
0.004934,0.000000,70.263300
0.004940,0.000000,74.169555
0.004944,0.000000,87.590671
0.004949,0.000000,84.908647
0.004954,0.000000,67.036813
0.004959,0.000000,69.509270
0.004965,0.000000,72.407385
0.004971,0.000000,75.546385
0.004976,0.000000,78.541705
0.004980,0.000000,81.079576
0.004984,0.000000,82.937010
0.004989,0.000000,85.706636
0.004993,0.000000,82.117275
0.004998,0.000000,67.779772
0.005003,0.000000,70.525792
0.005009,0.000000,73.273112
0.005014,0.000000,76.125621
0.005019,0.000000,78.790536
0.005023,0.000000,81.402007
0.005027,0.000000,83.742918
0.005031,0.000000,85.428497
0.005036,0.000000,81.755512
0.005042,0.000000,79.400115
0.005047,0.000000,73.237934
0.005052,0.000000,76.880948
0.005058,0.000000,80.139356
0.005063,0.000000,82.726126
0.005068,0.000000,83.984129
0.005073,0.000000,82.124384
0.005078,0.000000,69.504087
0.005082,0.000000,85.997711
0.005086,0.000000,87.631490
0.005090,0.000000,85.779755
0.005094,0.000000,74.616560
0.005099,0.000000,77.985565
0.005103,0.000000,81.072825
0.005107,0.000000,83.626702
0.005110,0.000000,85.545160
0.005114,0.000000,85.883234
0.005118,0.000000,75.204830
0.005123,0.000000,78.125181
0.005127,0.000000,81.124509
0.005131,0.000000,83.854196
0.005135,0.000000,86.377971
0.005139,0.000000,88.383648
0.005143,0.000000,89.752409
0.005146,0.000000,81.036585
0.005150,0.000000,83.208381
0.005153,0.000000,84.963469
0.005157,0.000000,86.162278
0.005160,0.000000,86.493330
0.005163,0.000000,82.605633
0.005168,0.000000,76.328215
0.005172,0.000000,85.321411
0.005176,0.000000,81.298017
0.005180,0.000000,83.688971
0.005184,0.000000,85.633177
0.005188,0.000000,91.073442
0.005192,0.000000,89.277481
0.005196,0.000000,81.894977
0.005200,0.000000,84.361934
0.005203,0.000000,86.623415
0.005207,0.000000,89.581903
0.005210,0.000000,91.250702
0.005213,0.000000,92.199465
0.005216,0.000000,99.437194
0.005219,0.000000,95.607445
0.005222,0.000000,89.030262
0.005226,0.000000,91.357403
0.005229,0.000000,91.944316
0.005232,0.000000,94.740938
0.005235,0.000000,97.136091
0.005238,0.000000,95.613675
0.005240,0.000000,96.514616
0.005242,0.000000,99.637194
0.005244,0.000000,95.935265
0.005246,0.000000,90.770608
0.005248,0.000000,90.045658
0.005248,0.000000,88.353312
0.005250,0.000000,75.527379
0.005252,0.000000,81.543509
0.005254,0.000000,83.358699
0.005257,0.000000,85.154926
0.005261,0.000000,90.304388
0.005264,0.000000,94.728683
0.005268,0.000000,93.496732
0.005271,0.000000,84.034328
0.005274,0.000000,85.760663
0.005277,0.000000,83.630988
0.005281,0.000000,85.105999
0.005284,0.000000,88.999439
0.005289,0.000000,86.768155
0.005294,0.000000,92.432531
0.005299,0.000000,96.139447
0.005304,0.000000,88.834402
0.005309,0.000000,93.620417
0.005314,0.000000,99.194528
0.005318,0.000000,106.456215
0.005318,0.000000,78.076341
0.005323,0.000000,81.022814
0.005328,0.000000,91.712446
0.005333,0.000000,93.141184
0.005333,0.000000,59.191334
0.005338,0.000000,62.073092
0.005343,0.000000,76.133030
0.005348,0.000000,81.969078
0.005353,0.000000,80.075773
0.005357,0.000000,82.573287
0.005358,0.000000,83.926857
0.005362,0.000000,89.514895
0.005366,0.000000,91.253056
0.005371,0.000000,79.396453
0.005377,0.000000,81.832561
0.005382,0.000000,84.832113
0.005387,0.000000,87.673188
0.005391,0.000000,90.136208
0.005395,0.000000,98.494777
0.005399,0.000000,92.570458
0.005403,0.000000,91.485755
0.005406,0.000000,82.194041
0.005410,0.000000,57.978415
0.005410,0.000000,83.211186
0.005411,0.000000,87.952197
0.005415,0.000000,92.359320
0.005419,0.000000,93.864554
0.005422,0.000000,94.655856
0.005427,0.000000,78.499636
0.005431,0.000000,80.766898
0.005436,0.000000,83.476794
0.005442,0.000000,86.406468
0.005447,0.000000,87.465773
0.005451,0.000000,91.226402
0.005455,0.000000,93.338129
0.005459,0.000000,95.279789
0.005463,0.000000,94.968660
0.005467,0.000000,94.838885
0.005470,0.000000,93.863721
0.005474,0.000000,90.673726
0.005477,0.000000,92.382361
0.005480,0.000000,92.603575
0.005483,0.000000,92.371489
0.005487,0.000000,83.408136
0.005491,0.000000,85.489672
0.005496,0.000000,87.791664
0.005500,0.000000,91.234075
0.005503,0.000000,93.201206
0.005506,0.000000,94.899472
0.005510,0.000000,95.926204
0.005513,0.000000,95.320035
0.005517,0.000000,83.472223
0.005521,0.000000,85.644415
0.005526,0.000000,88.179118
0.005531,0.000000,91.032896
0.005536,0.000000,93.823401
0.005540,0.000000,93.421477
0.005543,0.000000,95.717982
0.005547,0.000000,96.027762
0.005550,0.000000,98.579174
0.005554,0.000000,89.936536
0.005557,0.000000,96.162931
0.005560,0.000000,99.009351
0.005563,0.000000,101.468613
0.005565,0.000000,106.170595
0.005568,0.000000,110.907215
0.005573,0.000000,107.434782
0.005577,0.000000,109.270514
0.005582,0.000000,98.204102
0.005586,0.000000,95.133725
0.005590,0.000000,104.896121
0.005594,0.000000,101.599444
0.005599,0.000000,110.643975
0.005603,0.000000,115.229865
0.005609,0.000000,91.466313
0.005614,0.000000,92.791284
0.005619,0.000000,85.086339
0.005626,0.000000,88.430492
0.005632,0.000000,81.001625
0.005639,0.000000,85.858141
0.005646,0.000000,96.413845
0.005652,0.000000,105.417588
0.005658,0.000000,105.970696
0.005664,0.000000,73.150853
0.005664,0.000000,83.716803
0.005666,0.000000,91.095257
0.005670,0.000000,100.039273
0.005674,0.000000,100.658262
0.005677,0.000000,94.807731
0.005682,0.000000,86.085894
0.005687,0.000000,90.748603
0.005693,0.000000,98.382338
0.005699,0.000000,102.397435
0.005706,0.000000,106.037849
0.005712,0.000000,108.378629
0.005718,0.000000,109.392815
0.005724,0.000000,107.064574
0.005728,0.000000,81.669668
0.005732,0.000000,81.180928
0.005736,0.000000,82.279448
0.005740,0.000000,77.589400
0.005745,0.000000,73.734525
0.005750,0.000000,76.483613
0.005755,0.000000,80.163120
0.005760,0.000000,84.145715
0.005764,0.000000,81.361228
0.005768,0.000000,84.355087
0.005773,0.000000,84.658597
0.005777,0.000000,87.220468
0.005781,0.000000,88.525841
0.005786,0.000000,86.544337
0.005790,0.000000,74.430336
0.005796,0.000000,88.849015
0.005800,0.000000,86.943565
0.005804,0.000000,84.880417
0.005808,0.000000,87.528806
0.005812,0.000000,90.694893
0.005816,0.000000,93.689525
0.005820,0.000000,99.008518
0.005824,0.000000,104.182122
0.005828,0.000000,105.814845
0.005832,0.000000,95.263101
0.005835,0.000000,96.925757
0.005839,0.000000,99.963964
0.005842,0.000000,89.966752
0.005845,0.000000,92.475144
0.005848,0.000000,94.763817
0.005851,0.000000,100.181140
0.005854,0.000000,97.341011
0.005856,0.000000,100.160441
0.005858,0.000000,103.385757
0.005861,0.000000,106.488491
0.005863,0.000000,77.047429
0.005863,0.000000,79.410805
0.005866,0.000000,89.802575
0.005866,0.000000,91.469297
0.005869,0.000000,95.592600
0.005871,0.000000,94.422332
0.005874,0.000000,94.632594
0.005876,0.000000,98.659985
0.005876,0.000000,81.181915
0.005879,0.000000,74.455684
0.005882,0.000000,78.050196
0.005884,0.000000,82.116161
0.005887,0.000000,87.655277
0.005889,0.000000,89.484569
0.005892,0.000000,88.634187
0.005892,0.000000,92.875897
0.005895,0.000000,98.029002
0.005900,0.000000,103.622762
0.005904,0.000000,107.000265
0.005908,0.000000,88.256638
0.005912,0.000000,93.748585
0.005916,0.000000,98.968152
0.005920,0.000000,98.171099
0.005923,0.000000,99.898125
0.005926,0.000000,97.274305
0.005928,0.000000,100.604550
0.005930,0.000000,93.850168
0.005932,0.000000,96.222036
0.005934,0.000000,96.652916
0.005936,0.000000,96.425304
0.005938,0.000000,90.858316
0.005940,0.000000,92.790157
0.005942,0.000000,91.859940
0.005944,0.000000,93.065296
0.005947,0.000000,93.983629
0.005949,0.000000,95.218026
0.005951,0.000000,95.276772
0.005951,0.000000,78.457202
0.005952,0.000000,84.515282
0.005954,0.000000,90.239695
0.005960,0.000000,97.336272
0.005965,0.000000,100.154847
0.005969,0.000000,79.751876
0.005974,0.000000,96.008473
0.005978,0.000000,94.005517
0.005983,0.000000,69.191475
0.005986,0.000000,72.638513
0.005987,0.000000,86.630557
0.005991,0.000000,94.818618
0.005995,0.000000,74.280473
0.005999,0.000000,77.508507
0.006003,0.000000,81.090416
0.006007,0.000000,86.045282
0.006008,0.000000,80.444008
0.006009,0.000000,82.185878
0.006014,0.000000,86.786953
0.006019,0.000000,88.188156
0.006021,0.000000,73.850869
0.006024,0.000000,96.205268
0.006027,0.000000,95.686616
0.006030,0.000000,99.216312
0.006033,0.000000,63.988841
0.006034,0.000000,72.635860
0.006038,0.000000,74.189790
0.006042,0.000000,77.215125
0.006045,0.000000,81.098319
0.006049,0.000000,85.241407
0.006052,0.000000,88.708311
0.006058,0.000000,87.769672
0.006063,0.000000,88.898034
0.006067,0.000000,63.948979
0.006071,0.000000,71.103525
0.006075,0.000000,75.046989
0.006079,0.000000,77.584147
0.006083,0.000000,79.983533
0.006086,0.000000,81.653936
0.006087,0.000000,88.143093
0.006091,0.000000,90.091398
0.006096,0.000000,64.292131
0.006100,0.000000,69.699760
0.006105,0.000000,72.201719
0.006110,0.000000,92.663152
0.006115,0.000000,88.355724
0.006120,0.000000,68.227594
0.006124,0.000000,70.977715
0.006129,0.000000,73.753965
0.006133,0.000000,76.400008
0.006137,0.000000,75.455916
0.006141,0.000000,77.434539
0.006141,0.000000,79.457629
0.006145,0.000000,80.271585
0.006148,0.000000,80.196732
0.006148,0.000000,63.721271
0.006151,0.000000,54.976273
0.006156,0.000000,65.223199
0.006161,0.000000,67.810260
0.006165,0.000000,71.195253
0.006169,0.000000,74.514663
0.006174,0.000000,77.434698
0.006178,0.000000,79.555296
0.006183,0.000000,80.985130
0.006187,0.000000,79.822152
0.006192,0.000000,66.901012
0.006197,0.000000,70.232482
0.006202,0.000000,73.672460
0.006207,0.000000,76.841469
0.006211,0.000000,79.724848
0.006215,0.000000,73.380238
0.006218,0.000000,75.395022
0.006221,0.000000,77.079756
0.006224,0.000000,78.073157
0.006228,0.000000,76.618233
0.006231,0.000000,66.642753
0.006235,0.000000,68.940434
0.006238,0.000000,71.086632
0.006241,0.000000,73.278623
0.006244,0.000000,75.418484
0.006247,0.000000,77.336161
0.006250,0.000000,69.411459
0.006253,0.000000,74.838227
0.006256,0.000000,76.838251
0.006260,0.000000,78.068494
0.006263,0.000000,70.129629
0.006265,0.000000,72.652720
0.006268,0.000000,74.493686
0.006271,0.000000,76.291924
0.006274,0.000000,76.151776
0.006277,0.000000,77.606764
0.006281,0.000000,77.483733
0.006283,0.000000,71.776778
0.006286,0.000000,73.480492
0.006288,0.000000,74.850097
0.006291,0.000000,75.839594
0.006293,0.000000,76.375540
0.006297,0.000000,76.646096
0.006300,0.000000,78.745428
0.006304,0.000000,80.298555
0.006308,0.000000,79.957107
0.006312,0.000000,70.004264
0.006317,0.000000,72.767114
0.006321,0.000000,75.411182
0.006325,0.000000,77.969764
0.006328,0.000000,80.306559
0.006332,0.000000,82.419872
0.006336,0.000000,84.021506
0.006339,0.000000,84.274215
0.006343,0.000000,80.410478
0.006347,0.000000,82.320890
0.006351,0.000000,83.285524
0.006354,0.000000,80.853755
0.006359,0.000000,70.576051
